67
86
-
1 1 1 1 1 1 1 1 1 1 1 1 1 1 1 1 1 1 1 1 1 1 1 1 1 1 1 1 1 1 1 1 1 1 1 1 1 1 1 1 1 1 1 1 1 1 1 1 1 1 1 1 1 1 1 1 1 1 1 1 1 1 1 1 1 1 1 1 1 1 1 1 1 1 1 1 1 1 1 1 1 1 1 1 1 1 
1 1 1 1 1 1 1 1 1 1 1 1 1 1 1 1 1 1 1 1 1 1 1 1 1 1 1 1 1 1 1 1 1 1 1 1 1 1 1 1 1 1 1 1 1 1 1 1 1 1 1 1 1 1 1 1 1 1 1 1 1 1 1 1 1 1 1 1 1 1 1 1 1 1 1 1 1 1 1 1 1 1 1 1 1 1 
1 1 1 1 1 1 1 1 1 1 1 1 1 1 1 1 1 1 1 1 1 1 1 1 1 1 1 1 1 1 1 1 1 1 1 1 1 1 1 1 1 1 1 1 1 1 1 1 1 1 1 1 1 1 1 1 1 1 1 1 1 1 1 1 1 1 1 1 1 1 1 1 1 1 1 1 1 1 1 1 1 1 1 1 1 1 
1 1 1 1 1 1 1 1 1 1 1 1 1 1 1 1 1 1 1 1 1 1 1 1 1 1 1 1 1 1 1 1 1 1 1 1 1 1 1 1 1 1 1 1 1 1 1 1 1 1 1 1 1 1 1 1 1 1 1 1 1 1 1 1 1 1 1 1 1 1 1 1 1 1 1 1 1 1 1 1 1 1 1 1 1 1 
1 1 1 1 1 1 1 1 1 1 1 1 1 1 1 1 1 1 1 1 1 1 1 1 1 1 1 1 1 1 1 1 1 1 1 1 1 1 1 1 1 1 1 1 1 1 1 1 1 1 1 1 1 1 1 1 1 1 1 1 1 1 1 1 1 1 1 1 1 1 1 1 1 1 1 1 1 1 1 1 1 1 1 1 1 1 
1 1 1 1 1 1 1 1 1 1 1 1 1 1 1 1 1 1 1 1 1 1 1 1 1 1 1 1 1 1 1 1 1 1 1 1 1 1 1 1 1 1 1 1 1 1 1 1 1 1 1 1 1 1 1 1 1 1 1 1 1 1 1 1 1 1 1 1 1 1 1 1 1 1 1 1 1 1 1 1 1 1 1 1 1 1 
1 1 1 1 1 1 1 1 1 1 1 1 1 1 1 1 1 1 1 1 1 1 1 1 1 1 1 1 1 1 1 1 1 1 1 1 1 1 1 1 1 1 1 1 1 1 1 1 1 1 1 1 1 1 1 1 1 1 1 1 1 1 1 1 1 1 1 1 1 1 1 1 1 1 1 1 1 1 1 1 1 1 1 1 1 1 
1 1 1 1 1 1 1 1 1 1 1 1 1 1 1 1 1 1 1 1 1 1 1 1 1 1 1 1 1 1 1 1 1 1 1 1 1 1 1 1 1 1 1 1 1 1 1 1 1 1 1 1 1 1 1 1 1 1 1 1 1 1 1 1 1 1 1 1 1 1 1 1 1 1 1 1 1 1 1 1 1 1 1 1 1 1 
1 1 1 1 1 1 1 1 1 1 1 1 1 1 1 1 1 1 1 1 1 1 1 1 1 1 1 1 1 1 1 1 1 1 1 1 1 1 1 1 1 1 1 1 1 1 1 1 1 1 1 1 1 1 1 1 1 1 1 1 1 1 1 1 1 1 1 1 1 1 1 1 1 1 1 1 1 1 1 1 1 1 1 1 1 1 
1 1 1 1 1 1 1 1 1 0 1 1 1 1 1 1 1 1 1 1 1 1 1 0 0 1 0 0 1 0 1 0 0 0 1 0 0 0 0 1 0 0 0 1 0 0 0 0 1 1 1 0 0 0 0 0 0 0 0 0 1 0 1 1 1 1 1 1 1 1 1 1 1 1 1 1 1 1 1 1 1 1 1 1 1 1 
1 1 1 1 1 1 1 1 0 0 0 1 1 1 1 1 1 1 1 1 1 1 1 1 0 0 1 0 0 1 0 0 1 0 0 0 0 1 0 0 0 1 0 0 0 0 0 0 1 1 1 0 1 0 0 1 0 0 0 0 0 0 0 1 1 1 1 1 1 1 0 1 1 1 1 1 1 1 1 1 1 1 1 1 1 1 
1 1 1 1 1 1 1 1 0 0 0 0 1 1 1 0 1 1 1 1 1 1 1 1 1 0 0 1 0 0 0 0 0 0 0 1 0 0 0 0 0 0 0 0 0 1 0 1 1 1 1 0 0 0 1 0 0 0 0 0 0 0 0 0 1 0 1 0 1 0 0 0 1 1 1 1 1 1 1 1 1 1 1 1 1 1 
1 1 1 1 1 1 1 1 1 0 1 0 0 1 0 0 0 1 0 1 0 1 0 1 1 1 0 0 0 0 0 1 0 0 0 0 0 0 0 0 1 1 1 0 0 0 0 0 1 1 1 0 0 0 0 0 0 0 0 0 0 1 0 0 0 0 0 0 0 0 1 0 0 1 1 1 0 1 1 1 1 1 1 1 1 1 
1 1 1 1 1 1 1 1 0 0 0 0 0 0 0 0 0 0 0 0 0 0 0 0 1 0 0 1 0 0 1 0 0 0 0 1 0 0 1 1 1 1 1 0 0 1 0 0 1 1 0 0 0 0 0 0 0 0 0 0 0 0 0 1 0 0 0 1 0 1 0 1 0 0 1 0 0 0 1 1 1 1 1 1 1 1 
1 1 1 1 1 1 1 1 0 0 0 0 0 0 0 0 0 0 1 0 0 1 0 0 0 1 0 0 0 1 0 0 0 1 0 0 0 0 1 1 1 0 0 1 0 0 0 0 1 1 0 0 0 1 0 1 0 1 0 0 0 0 0 0 0 1 0 0 0 0 0 0 1 0 0 1 0 1 1 1 1 1 1 1 1 1 
1 1 1 1 1 1 1 1 0 1 0 0 0 0 0 1 0 0 0 0 0 0 0 0 0 0 0 0 0 0 0 0 0 0 0 0 0 0 0 0 0 1 0 0 0 0 1 0 1 1 0 0 0 0 0 0 0 0 0 0 0 0 0 0 0 0 0 1 0 0 0 0 0 1 0 0 0 0 1 1 1 1 1 1 1 1 
1 1 1 1 1 1 1 1 0 0 0 0 0 1 0 0 0 0 0 1 0 0 0 0 1 0 0 0 1 0 1 0 1 0 0 0 0 0 0 0 0 0 0 1 0 0 0 0 1 0 0 0 1 0 1 1 1 0 1 0 0 0 0 0 0 0 0 0 0 1 1 0 1 0 0 1 0 0 1 1 1 1 1 1 1 1 
1 1 1 1 1 1 1 1 0 1 0 1 0 0 0 0 0 1 0 0 0 1 0 0 0 0 1 0 0 0 0 0 0 0 0 1 0 0 0 1 0 0 0 0 0 0 0 0 0 0 0 0 0 0 0 0 0 0 0 0 0 0 0 0 0 0 0 0 0 0 0 0 0 0 0 0 0 0 1 1 1 1 1 1 1 1 
1 1 1 1 1 1 1 1 0 0 0 0 0 0 0 0 0 0 0 1 0 0 0 1 0 0 0 0 0 0 0 0 0 1 0 0 0 1 0 0 0 0 0 0 1 0 0 0 1 0 0 0 0 0 0 0 0 0 0 0 0 0 0 0 0 0 0 1 1 0 0 1 0 1 1 1 0 0 1 1 1 1 1 1 1 1 
1 1 1 1 1 1 1 1 0 0 1 0 0 1 0 0 0 0 0 0 0 0 0 0 0 0 0 0 0 0 0 0 0 0 0 0 0 0 0 0 0 0 0 0 0 0 0 0 1 1 0 0 1 0 0 0 0 0 0 0 0 0 0 0 0 1 0 0 0 0 0 0 0 0 0 0 0 0 1 1 1 1 1 1 1 1 
1 1 1 1 1 1 1 1 1 0 0 0 0 0 0 0 0 0 1 0 0 0 0 0 0 0 0 1 1 1 0 0 0 0 1 0 0 0 0 0 0 0 0 0 0 0 0 0 1 1 0 0 0 0 1 0 1 0 0 0 0 0 0 0 0 0 1 0 1 0 0 0 1 0 0 0 0 0 1 1 1 1 1 1 1 1 
1 1 1 1 1 1 1 1 0 0 0 0 0 0 0 0 0 0 0 0 0 0 1 0 0 0 0 0 0 1 0 0 0 0 0 0 0 0 0 0 1 0 0 0 0 0 0 0 1 1 0 0 1 0 0 0 0 0 1 0 1 0 0 0 0 0 0 0 0 1 1 0 0 0 0 0 0 0 1 1 1 1 1 1 1 1 
1 1 1 1 1 1 1 1 0 0 0 0 0 0 0 0 0 0 0 0 0 0 0 0 0 0 0 0 0 0 0 0 0 0 0 0 0 0 0 0 0 0 1 0 0 0 1 0 1 1 0 0 0 0 0 0 0 1 0 0 1 0 0 0 0 0 0 1 0 0 0 0 1 0 0 0 0 0 1 1 1 1 1 1 1 1 
1 1 1 1 1 1 1 1 0 1 0 0 1 0 0 0 0 0 0 0 0 0 0 0 0 1 0 0 0 0 0 0 1 0 0 0 0 0 0 0 0 0 0 0 0 0 0 0 1 1 0 0 0 0 1 0 0 0 0 0 0 0 1 0 0 0 0 0 0 1 0 0 0 0 0 1 1 0 1 1 1 1 1 1 1 1 
1 1 1 1 1 1 1 1 0 0 0 0 0 0 0 0 0 0 0 0 0 0 0 0 1 1 1 0 0 1 0 0 0 0 0 1 0 0 0 0 0 0 0 1 0 0 0 0 1 1 0 0 1 0 0 0 1 1 0 1 0 0 0 0 0 0 0 0 0 0 0 0 0 0 1 0 0 0 1 1 1 1 1 1 1 1 
1 1 1 1 1 1 1 1 0 0 1 0 0 1 0 0 0 1 0 0 0 0 0 1 1 1 1 0 0 0 0 0 0 0 0 0 0 1 0 0 1 0 0 0 0 0 0 0 1 1 0 1 0 0 1 0 0 0 0 0 0 1 0 0 0 0 0 0 0 0 0 0 0 0 1 0 1 0 1 1 1 1 1 1 1 1 
1 1 1 1 1 1 1 1 0 0 0 0 0 0 0 1 1 0 0 0 0 0 0 1 1 1 1 0 0 0 0 0 0 0 0 0 0 0 0 0 0 0 0 0 0 0 0 0 1 1 0 0 0 0 0 0 0 0 0 0 0 0 0 0 1 0 0 0 0 0 0 0 0 0 0 0 0 0 1 1 1 1 1 1 1 1 
1 1 1 1 1 1 1 1 0 0 0 0 1 0 0 0 1 1 1 0 0 0 0 0 1 1 1 1 0 0 0 0 1 0 0 0 0 1 0 0 0 0 0 1 0 0 0 0 1 1 0 0 1 0 0 0 0 1 1 0 1 0 0 0 0 1 0 0 0 0 0 0 0 0 1 0 1 0 1 1 1 1 1 1 1 1 
1 1 1 1 1 1 1 1 0 0 0 0 0 0 0 0 1 1 1 0 0 0 0 0 0 1 1 1 1 0 0 0 0 0 0 0 0 0 1 0 0 0 0 0 1 0 0 1 1 1 1 0 0 1 0 0 0 1 0 0 0 0 0 1 1 0 0 0 0 0 0 0 0 0 0 0 0 0 1 1 1 1 1 1 1 1 
1 1 1 1 1 1 1 1 1 1 1 1 0 0 0 0 1 1 1 0 0 0 0 0 0 1 1 1 1 0 1 0 0 0 0 0 0 0 0 0 0 0 0 0 0 0 0 1 1 1 1 0 0 0 0 1 0 0 0 1 0 0 0 0 0 0 0 0 0 1 0 1 0 0 0 0 1 0 1 1 1 1 1 1 1 1 
1 1 1 1 1 1 1 1 1 1 1 1 0 0 0 0 1 1 1 0 0 0 0 1 0 1 1 1 0 0 0 0 0 0 0 0 0 0 0 0 0 0 0 0 0 0 1 1 1 1 1 0 1 0 0 0 0 0 0 0 0 0 0 0 0 0 0 0 0 0 0 0 1 0 0 0 0 0 1 1 1 1 1 1 1 1 
1 1 1 1 1 1 1 1 1 1 1 1 0 0 0 0 1 1 1 0 1 0 0 1 0 1 1 1 0 0 1 0 0 0 1 0 0 0 0 0 0 0 1 0 0 0 1 1 1 1 1 0 0 0 1 0 1 0 0 0 0 0 0 0 0 0 1 0 0 0 1 0 0 0 0 0 0 0 1 1 1 1 1 1 1 1 
1 1 1 1 1 1 1 1 1 1 1 1 0 0 0 0 1 1 1 0 1 0 0 0 0 0 0 0 1 0 0 0 0 0 0 0 0 0 0 0 0 0 0 0 0 0 1 1 1 1 1 0 0 0 0 1 0 0 0 0 0 0 0 1 0 0 0 0 0 1 0 0 0 1 0 0 0 0 1 1 1 1 1 1 1 1 
1 1 1 1 1 1 1 1 1 1 1 1 0 0 0 0 1 1 1 0 0 0 0 0 0 0 0 0 0 0 0 0 0 0 0 0 1 0 0 0 0 0 0 0 0 1 1 1 1 1 0 0 0 0 0 1 0 0 0 0 0 1 0 0 0 0 0 1 0 0 0 1 0 0 0 1 0 0 1 1 1 1 1 1 1 1 
1 1 1 1 1 1 1 1 1 1 1 1 0 0 0 0 0 0 0 0 0 0 0 0 0 0 0 0 0 0 0 0 0 0 0 0 0 0 0 0 0 0 0 0 0 0 0 0 0 0 0 0 0 0 0 0 0 0 0 0 0 0 0 0 0 0 0 0 1 0 0 0 0 0 0 0 0 0 1 1 1 1 1 1 1 1 
1 1 1 1 1 1 1 1 1 1 1 1 0 0 0 0 1 1 1 0 0 0 0 0 0 0 0 0 0 0 0 0 0 0 0 0 0 0 0 0 0 0 0 0 1 1 1 1 1 1 0 0 0 1 0 0 0 0 0 0 0 0 0 1 0 1 1 0 0 1 0 0 0 0 0 0 0 0 1 1 1 1 1 1 1 1 
1 1 1 1 1 1 1 1 1 1 1 1 1 0 1 0 1 1 1 0 1 0 0 0 1 0 0 1 0 0 0 0 1 0 1 0 0 0 1 0 0 0 0 0 1 1 1 1 1 1 0 0 0 0 0 0 0 0 0 0 0 1 0 0 0 0 0 1 0 1 0 1 1 0 0 1 0 0 1 1 1 1 1 1 1 1 
1 1 1 1 1 1 1 1 0 0 0 0 0 0 1 1 1 0 0 0 1 0 0 0 0 0 0 0 0 0 0 0 0 0 0 0 0 0 0 0 0 0 1 0 1 1 1 1 1 0 1 0 1 0 0 0 0 0 0 0 0 0 0 0 1 0 0 0 0 1 0 1 1 0 0 0 0 1 1 1 1 1 1 1 1 1 
1 1 1 1 1 1 1 1 0 1 0 0 0 1 1 1 0 0 0 0 0 0 0 0 0 1 0 0 1 0 0 0 0 1 0 0 1 0 1 0 1 0 0 0 1 1 1 1 1 0 0 0 0 0 1 0 1 0 0 0 0 0 1 0 0 1 0 0 0 0 0 0 0 0 0 0 0 0 1 1 1 1 1 1 1 1 
1 1 1 1 1 1 1 1 0 0 0 0 0 1 1 1 0 0 0 0 0 0 1 0 0 0 1 0 0 0 0 0 0 0 0 0 0 0 0 0 0 0 0 0 1 1 1 1 0 0 0 0 1 0 0 0 0 0 0 0 0 0 0 0 0 0 0 1 1 0 0 0 0 0 0 1 0 1 1 1 1 1 1 1 1 1 
1 1 1 1 1 1 1 1 0 0 1 0 0 1 1 1 0 0 0 0 0 0 1 0 1 0 0 0 0 1 0 0 0 0 1 1 0 1 0 0 1 0 1 1 1 1 1 0 0 0 0 0 0 0 0 1 0 0 0 1 0 0 0 1 0 0 1 1 1 0 1 0 1 0 0 0 0 0 1 1 1 1 1 1 1 1 
1 1 1 1 1 1 1 1 1 0 0 0 1 0 0 0 0 0 0 0 0 0 0 0 0 0 0 1 0 0 0 0 1 0 0 0 0 0 1 0 0 0 0 1 1 1 1 0 0 1 1 0 0 0 0 0 0 0 1 0 0 1 0 0 0 1 1 1 1 0 0 1 0 0 0 0 0 0 1 1 1 1 1 1 1 1 
1 1 1 1 1 1 1 1 0 0 0 0 0 0 0 0 0 0 0 0 1 0 0 0 1 0 0 0 0 0 0 0 0 0 0 0 0 0 0 0 0 0 0 1 1 1 1 1 0 1 0 0 0 0 1 0 1 0 0 1 0 0 0 1 0 0 0 1 1 0 0 0 0 0 0 1 1 1 1 1 1 1 1 1 1 1 
1 1 1 1 1 1 1 1 0 0 0 0 0 0 0 0 0 1 0 0 0 0 1 0 0 1 0 0 0 1 0 0 0 0 1 0 1 0 0 0 1 1 0 1 1 1 1 1 0 0 1 0 0 0 0 0 0 0 1 0 0 0 0 0 0 0 1 0 0 1 0 1 0 0 0 1 1 1 1 1 1 1 1 1 1 1 
1 1 1 1 1 1 1 1 1 0 1 0 0 1 0 0 0 0 0 0 0 0 0 0 0 0 0 1 0 0 0 1 0 0 0 0 0 0 0 0 0 0 1 1 1 1 1 1 1 0 0 0 0 1 0 0 0 0 0 0 1 0 0 0 0 0 0 0 0 0 0 0 0 1 0 1 1 1 1 1 1 1 1 1 1 1 
1 1 1 1 1 1 1 1 0 1 1 1 0 0 0 0 1 0 0 0 0 1 0 0 0 0 0 0 0 0 0 0 0 0 0 0 0 0 1 0 0 0 1 1 1 1 1 1 1 0 0 1 0 0 0 0 0 0 0 0 0 0 0 0 0 0 0 0 0 0 0 0 0 0 0 1 1 1 1 1 1 1 1 1 1 1 
1 1 1 1 1 1 1 1 0 0 1 1 1 0 1 0 0 0 1 0 1 0 0 1 0 0 0 1 0 0 0 0 1 0 1 1 0 0 0 0 1 0 1 1 1 1 1 1 0 0 0 0 0 0 0 1 0 0 0 0 0 1 1 1 0 1 0 0 0 0 0 0 0 0 0 1 1 1 1 1 1 1 1 1 1 1 
1 1 1 1 1 1 1 1 0 1 0 1 0 1 0 0 1 0 0 0 0 0 0 0 0 1 0 0 0 1 0 1 0 0 0 0 0 0 0 0 0 0 1 1 1 1 1 1 0 0 0 0 0 0 0 0 0 0 0 1 0 1 1 1 0 0 0 0 0 0 0 0 0 0 0 1 1 1 1 1 1 1 1 1 1 1 
1 1 1 1 1 1 1 1 1 0 0 0 0 0 0 0 0 0 1 0 0 0 0 0 1 0 1 0 0 0 0 0 0 0 1 0 1 0 1 0 0 1 1 1 1 1 1 1 0 0 1 0 0 1 0 0 0 0 1 0 0 1 1 1 0 0 0 0 0 0 1 0 0 0 0 0 1 1 1 1 1 1 1 1 1 1 
1 1 1 1 1 1 1 1 0 0 0 0 1 0 1 0 0 0 0 0 0 1 0 1 0 0 0 0 1 0 0 0 1 0 0 0 0 0 0 0 0 0 1 1 1 1 1 1 1 0 0 0 0 0 0 1 0 0 0 0 0 0 0 0 0 0 0 1 0 0 0 0 0 1 0 0 0 0 1 1 1 1 1 1 1 1 
1 1 1 1 1 1 1 1 0 1 0 0 0 0 0 0 0 0 0 1 1 1 0 0 1 0 0 1 0 1 0 0 0 0 1 1 1 1 1 1 1 1 1 1 1 1 1 1 0 0 0 0 1 0 0 0 1 0 0 0 0 0 0 1 0 0 0 0 0 1 0 0 0 0 0 0 0 0 1 1 1 1 1 1 1 1 
1 1 1 1 1 1 1 1 1 0 1 0 0 1 0 0 0 1 0 0 0 0 1 0 0 1 0 0 0 0 0 1 0 0 0 0 0 0 0 0 0 0 1 1 1 1 1 1 0 0 1 0 0 0 0 0 0 0 0 0 0 0 0 0 0 0 0 0 0 0 0 0 0 0 0 0 1 1 1 1 1 1 1 1 1 1 
1 1 1 1 1 1 1 1 0 0 0 0 0 0 0 0 0 1 0 0 0 0 0 1 1 1 0 0 0 0 0 0 0 1 0 0 0 1 1 1 0 0 1 1 1 1 1 1 0 0 0 0 0 0 0 0 0 0 0 1 0 0 0 1 0 0 0 0 0 0 1 0 0 1 0 1 0 1 1 1 1 1 1 1 1 1 
1 1 1 1 1 1 1 1 0 1 0 0 1 0 0 0 0 0 0 0 0 1 0 0 0 0 0 0 0 0 0 0 1 0 0 0 0 1 1 1 0 0 1 1 1 1 1 1 0 0 0 0 0 0 0 1 0 1 0 0 1 0 0 0 1 0 0 0 0 1 1 1 0 1 1 1 0 0 1 1 1 1 1 1 1 1 
1 1 1 1 1 1 1 1 1 1 1 0 0 1 0 1 0 0 0 0 0 0 0 0 0 0 0 0 0 0 1 0 0 0 1 0 0 1 1 1 0 0 1 1 1 1 1 1 0 0 1 0 0 0 0 0 0 0 1 0 0 0 0 0 0 1 0 0 0 0 1 0 1 0 0 0 1 0 1 1 1 1 1 1 1 1 
1 1 1 1 1 1 1 1 1 1 1 1 0 0 0 0 0 0 1 0 1 0 1 0 1 0 1 0 0 0 0 0 0 1 0 0 0 0 0 0 0 0 1 1 1 1 1 1 0 0 0 0 0 0 0 0 1 0 0 0 1 0 1 0 1 1 1 0 0 0 0 0 0 0 1 1 0 1 1 1 1 1 1 1 1 1 
1 1 1 1 1 1 1 1 1 1 1 1 1 0 1 0 1 0 0 0 0 0 0 0 0 0 0 0 0 1 0 0 0 0 0 0 0 0 0 0 0 0 0 0 0 0 0 0 0 0 0 0 0 1 0 0 0 0 0 1 1 1 1 1 1 1 1 1 0 1 0 0 0 0 0 0 0 1 1 1 1 1 1 1 1 1 
1 1 1 1 1 1 1 1 1 1 1 1 1 1 1 1 1 1 0 1 0 1 0 1 0 1 0 1 0 0 0 0 0 0 0 0 0 0 0 0 0 0 1 1 1 1 1 1 0 0 0 1 0 0 0 0 0 0 1 1 1 1 1 1 1 1 1 1 1 1 1 0 0 1 0 0 0 0 1 1 1 1 1 1 1 1 
1 1 1 1 1 1 1 1 1 1 1 1 1 1 1 1 1 1 1 1 1 1 1 1 1 1 1 1 1 1 1 1 1 1 1 1 1 1 1 1 1 1 1 1 1 1 1 1 0 0 0 0 0 0 0 0 0 1 1 1 1 1 1 1 1 1 1 1 1 1 0 0 0 0 0 1 1 0 1 1 1 1 1 1 1 1 
1 1 1 1 1 1 1 1 1 1 1 1 1 1 1 1 1 1 1 1 1 1 1 1 1 1 1 1 1 1 1 1 1 1 1 1 1 1 1 1 1 1 1 1 1 1 1 1 1 1 1 1 1 1 1 1 1 1 1 1 1 1 1 1 1 1 1 1 1 1 1 1 1 1 1 1 1 1 1 1 1 1 1 1 1 1 
1 1 1 1 1 1 1 1 1 1 1 1 1 1 1 1 1 1 1 1 1 1 1 1 1 1 1 1 1 1 1 1 1 1 1 1 1 1 1 1 1 1 1 1 1 1 1 1 1 1 1 1 1 1 1 1 1 1 1 1 1 1 1 1 1 1 1 1 1 1 1 1 1 1 1 1 1 1 1 1 1 1 1 1 1 1 
1 1 1 1 1 1 1 1 1 1 1 1 1 1 1 1 1 1 1 1 1 1 1 1 1 1 1 1 1 1 1 1 1 1 1 1 1 1 1 1 1 1 1 1 1 1 1 1 1 1 1 1 1 1 1 1 1 1 1 1 1 1 1 1 1 1 1 1 1 1 1 1 1 1 1 1 1 1 1 1 1 1 1 1 1 1 
1 1 1 1 1 1 1 1 1 1 1 1 1 1 1 1 1 1 1 1 1 1 1 1 1 1 1 1 1 1 1 1 1 1 1 1 1 1 1 1 1 1 1 1 1 1 1 1 1 1 1 1 1 1 1 1 1 1 1 1 1 1 1 1 1 1 1 1 1 1 1 1 1 1 1 1 1 1 1 1 1 1 1 1 1 1 
1 1 1 1 1 1 1 1 1 1 1 1 1 1 1 1 1 1 1 1 1 1 1 1 1 1 1 1 1 1 1 1 1 1 1 1 1 1 1 1 1 1 1 1 1 1 1 1 1 1 1 1 1 1 1 1 1 1 1 1 1 1 1 1 1 1 1 1 1 1 1 1 1 1 1 1 1 1 1 1 1 1 1 1 1 1 
1 1 1 1 1 1 1 1 1 1 1 1 1 1 1 1 1 1 1 1 1 1 1 1 1 1 1 1 1 1 1 1 1 1 1 1 1 1 1 1 1 1 1 1 1 1 1 1 1 1 1 1 1 1 1 1 1 1 1 1 1 1 1 1 1 1 1 1 1 1 1 1 1 1 1 1 1 1 1 1 1 1 1 1 1 1 
1 1 1 1 1 1 1 1 1 1 1 1 1 1 1 1 1 1 1 1 1 1 1 1 1 1 1 1 1 1 1 1 1 1 1 1 1 1 1 1 1 1 1 1 1 1 1 1 1 1 1 1 1 1 1 1 1 1 1 1 1 1 1 1 1 1 1 1 1 1 1 1 1 1 1 1 1 1 1 1 1 1 1 1 1 1 
1 1 1 1 1 1 1 1 1 1 1 1 1 1 1 1 1 1 1 1 1 1 1 1 1 1 1 1 1 1 1 1 1 1 1 1 1 1 1 1 1 1 1 1 1 1 1 1 1 1 1 1 1 1 1 1 1 1 1 1 1 1 1 1 1 1 1 1 1 1 1 1 1 1 1 1 1 1 1 1 1 1 1 1 1 1
-
61 62 6 6 6 6 6 6 6 6 6 6 6 6 6 6 6 6 6 6 6 6 6 6 6 6 6 6 6 6 6 6 6 6 6 6 6 6 6 6 6 6 6 6 6 6 6 6 6 6 6 6 60 61 61 61 61 61 61 61 61 58 119 6 6 6 6 6 6 6 6 6 6 6 6 6 6 6 6 6 6 6 6 6 61 61 
61 62 6 6 6 6 6 6 6 6 6 6 6 6 6 6 6 6 6 6 6 6 6 6 6 6 6 6 6 6 6 6 6 6 6 6 6 6 6 6 6 6 6 6 6 6 6 6 6 6 3 4 116 61 61 61 61 61 61 61 58 119 6 6 6 6 6 6 6 6 6 6 6 6 6 6 6 6 6 6 6 6 6 6 61 61 
61 62 6 6 6 6 6 6 6 6 6 6 6 6 6 6 6 6 6 6 6 6 6 6 6 6 6 6 6 6 6 6 6 6 6 6 6 6 6 6 6 6 6 6 6 6 6 6 6 6 60 61 61 61 61 61 61 61 61 58 119 6 6 6 6 6 6 6 6 6 6 6 6 6 6 6 6 6 6 6 6 6 6 6 61 61 
61 62 6 6 6 6 6 6 6 6 6 6 6 6 6 6 6 6 6 6 6 6 6 6 6 6 6 6 6 6 6 6 6 6 6 6 6 6 6 6 6 6 6 6 6 6 6 6 6 6 60 61 61 61 61 58 118 118 118 119 6 6 6 6 6 6 6 6 6 6 6 6 6 6 6 6 6 6 6 6 6 6 6 6 61 61 
61 62 6 6 6 6 6 6 6 6 6 6 6 6 6 6 6 6 6 6 6 6 6 6 6 6 6 6 6 6 6 6 6 6 6 6 6 6 6 6 6 6 6 6 6 6 6 6 3 4 116 61 118 118 118 119 6 6 6 6 6 6 6 6 6 6 6 6 6 6 6 6 6 6 6 6 6 6 6 6 6 6 6 6 61 61 
61 62 6 6 6 6 6 6 6 6 6 6 6 6 6 6 6 6 6 6 6 6 6 6 6 6 6 6 6 6 6 6 6 6 6 6 6 6 6 6 6 6 6 6 6 6 6 6 60 61 61 62 6 6 6 6 6 6 6 6 6 6 6 6 6 6 6 6 6 6 6 6 6 6 6 6 6 6 6 6 6 6 6 1139 61 61 
61 62 6 6 6 6 6 6 6 6 6 6 6 6 6 6 6 6 6 6 6 6 6 6 6 6 6 6 6 6 6 6 6 6 6 6 6 6 6 6 6 6 6 6 6 6 6 6 60 61 61 62 6 6 6 6 6 6 6 6 6 6 6 6 6 6 6 6 6 6 6 6 6 6 6 6 6 6 6 6 6 6 6 6 61 61 
61 62 6 6 6 6 6 6 6 6 6 6 6 6 6 6 6 6 6 6 6 6 6 6 6 6 6 6 6 6 6 6 6 6 6 6 6 6 6 6 6 6 6 6 6 6 6 6 60 61 61 62 6 6 6 6 6 6 6 6 6 6 6 6 6 6 6 6 6 6 6 6 6 6 6 6 6 6 6 6 6 6 6 6 61 61 
61 62 6 6 6 6 6 993 876 876 876 876 876 876 876 876 876 876 876 876 876 876 876 876 876 876 876 876 876 876 876 876 876 876 876 876 876 876 876 876 876 876 876 876 876 876 876 876 60 61 62 876 876 876 876 876 876 876 876 876 876 876 876 876 876 876 876 876 876 876 876 876 876 876 876 876 876 876 993 6 6 6 6 6 61 61 
61 62 6 6 6 6 6 993 63 63 63 63 63 63 63 63 63 63 63 63 63 63 63 63 63 63 63 63 63 63 63 63 63 63 63 63 63 63 63 63 63 63 63 63 63 63 63 63 63 63 7 7 7 7 7 7 7 7 7 7 7 7 7 7 7 7 7 7 7 7 7 7 7 7 7 7 7 7 993 6 6 6 6 6 61 61 
61 62 6 6 6 6 6 993 63 63 63 63 63 63 63 63 63 63 63 63 63 63 63 63 63 63 63 63 63 63 63 63 63 63 63 63 63 63 63 63 63 63 63 63 63 63 63 63 63 63 7 7 7 7 7 7 7 7 7 7 7 7 7 7 7 7 7 7 7 7 7 7 7 7 7 7 7 7 993 6 6 6 6 6 61 61 
61 62 6 6 6 6 6 993 63 63 63 63 63 63 63 63 63 63 63 63 63 63 63 63 63 63 63 63 63 63 63 63 63 63 63 63 63 63 63 63 63 63 63 63 63 63 63 63 63 63 7 7 7 7 7 7 7 7 7 7 7 7 7 7 7 7 7 7 7 7 7 7 7 7 7 7 7 7 993 6 6 6 6 6 61 61 
61 62 6 6 6 6 6 993 63 63 63 63 63 63 63 63 63 63 63 63 63 63 63 63 63 63 63 63 63 63 63 63 63 63 63 63 63 63 63 63 63 63 63 63 63 63 63 63 63 63 7 7 7 7 7 7 7 7 7 7 7 7 7 7 7 7 7 7 7 7 7 7 7 7 7 7 7 7 993 6 6 6 6 6 61 61 
61 62 6 6 6 6 6 993 63 63 63 63 63 63 63 63 63 63 63 63 63 63 63 63 63 63 63 63 63 63 63 63 63 63 63 63 63 63 63 63 63 63 63 63 63 63 63 63 63 63 7 7 7 7 7 7 7 7 7 7 7 7 7 7 7 7 7 7 7 7 7 7 7 7 7 7 7 7 993 6 6 6 6 6 61 61 
61 62 6 6 6 6 6 993 63 63 63 63 63 63 63 63 63 63 63 63 63 63 63 63 63 63 63 63 63 63 63 63 63 63 63 63 63 63 63 63 63 63 63 63 63 63 63 63 63 63 7 7 7 7 7 7 7 7 7 7 7 7 7 7 7 7 7 7 7 7 7 7 7 7 7 7 7 7 993 6 6 6 6 6 61 61 
61 62 6 6 6 6 6 993 63 63 63 63 63 63 63 63 63 63 63 63 63 63 63 63 63 63 63 63 63 63 63 63 63 63 63 63 63 63 63 63 63 63 63 63 63 63 63 63 63 63 7 7 7 7 7 7 7 7 7 7 7 7 7 7 7 7 7 7 7 7 7 7 7 7 7 7 7 7 993 6 6 6 6 6 61 61 
61 62 6 6 6 6 6 993 63 63 63 63 63 63 63 63 63 63 63 63 63 63 63 63 63 63 63 63 63 63 63 63 63 63 63 63 63 63 63 63 63 63 63 63 63 63 63 63 63 63 7 7 7 7 7 7 7 7 7 7 7 7 7 7 7 7 7 7 7 7 7 7 7 7 7 7 7 7 993 6 6 6 6 6 61 61 
61 62 6 6 6 6 6 993 63 63 63 63 63 63 63 63 63 63 63 63 63 63 63 63 63 63 63 63 63 63 63 63 63 63 63 63 63 63 63 63 63 63 63 63 63 63 63 63 63 63 7 7 7 7 7 7 7 7 7 7 7 7 7 7 7 7 7 7 7 7 7 7 7 7 7 7 7 7 993 6 6 6 6 6 61 61 
61 62 6 6 6 6 6 993 63 63 63 63 63 63 63 63 63 63 63 63 63 63 63 63 63 63 63 63 63 63 63 63 63 63 63 63 63 63 63 63 63 63 63 63 63 63 63 63 63 63 7 7 7 7 7 7 7 7 7 7 7 7 7 7 7 7 7 7 7 7 7 7 7 7 7 7 7 7 993 6 6 6 6 6 61 61 
61 62 6 6 6 6 6 993 63 63 63 63 63 63 63 63 63 63 63 63 63 63 63 63 63 63 63 63 63 63 63 63 63 63 63 63 63 63 63 63 63 63 63 63 63 63 63 63 63 63 7 7 7 7 7 7 7 7 7 7 7 7 7 7 7 7 7 7 7 7 7 7 7 7 7 7 7 7 993 6 6 6 6 6 61 61 
61 62 6 6 6 6 6 993 63 63 63 63 63 63 63 63 63 63 63 63 63 63 63 63 63 63 63 63 63 63 63 63 63 63 63 63 63 63 63 63 63 63 63 63 63 63 63 63 63 63 7 7 7 7 7 7 7 7 7 7 7 7 7 7 7 7 7 7 7 7 7 7 7 7 7 7 7 7 993 6 6 6 6 6 61 61 
61 62 6 6 6 6 6 993 63 63 63 63 63 63 63 63 63 63 63 63 63 63 63 63 63 63 63 63 63 63 63 63 63 63 63 63 63 63 63 63 63 63 63 63 63 63 63 63 63 63 7 7 7 7 7 7 7 7 7 7 7 7 7 7 7 7 7 7 7 7 7 7 7 7 7 7 7 7 993 6 6 6 6 6 61 61 
61 62 6 6 6 6 6 993 63 63 63 63 63 63 63 63 63 63 63 63 63 63 63 63 63 63 63 63 63 63 63 63 63 63 63 63 63 63 63 63 63 63 63 63 63 63 63 63 63 63 7 7 7 7 7 7 7 7 7 7 7 7 7 7 7 7 7 7 7 7 7 7 7 7 7 7 7 7 993 6 6 6 6 6 61 61 
61 62 6 6 6 6 6 993 63 63 63 63 63 63 63 63 63 63 63 63 63 63 63 63 63 63 63 63 63 63 63 63 63 63 63 63 63 63 63 63 63 63 63 63 63 63 63 63 63 63 7 7 7 7 7 7 7 7 7 7 7 7 7 7 7 7 7 7 7 7 7 7 7 7 7 7 7 7 993 6 6 6 6 6 61 61 
61 62 6 6 6 6 6 993 63 63 63 63 63 63 63 63 63 63 63 63 63 63 63 63 63 63 63 63 63 63 63 63 63 63 63 63 63 63 63 63 63 63 63 63 63 63 63 63 63 63 7 7 7 7 7 7 7 7 7 7 7 7 7 7 7 7 7 7 7 7 7 7 7 7 7 7 7 7 993 6 6 6 6 6 61 61 
61 62 6 6 6 6 6 993 63 63 63 63 63 63 63 63 63 63 63 63 63 63 63 63 63 63 63 63 63 63 63 63 63 63 63 63 63 63 63 63 63 63 63 63 63 63 63 63 63 63 7 7 7 7 7 7 7 7 7 7 7 7 7 7 7 7 7 7 7 7 7 7 7 7 7 7 7 7 993 6 6 6 6 6 61 61 
61 62 6 6 6 6 6 993 63 63 63 63 63 63 63 63 63 63 63 63 63 63 63 63 63 63 63 63 63 63 63 63 63 63 63 63 63 63 63 63 63 63 63 63 63 63 63 63 63 63 7 7 7 7 7 7 7 7 7 7 7 7 7 7 7 7 7 7 7 7 7 7 7 7 7 7 7 7 993 6 6 6 6 6 61 61 
61 62 6 6 6 6 6 993 63 63 63 63 63 63 63 63 63 63 63 63 63 63 63 63 63 63 63 63 63 63 63 63 63 63 63 63 63 63 63 63 63 63 63 63 63 63 63 63 63 63 7 7 7 7 7 7 7 7 7 7 7 7 7 7 7 7 7 7 7 7 7 7 7 7 7 7 7 7 993 6 6 6 6 6 61 61 
61 62 6 6 6 6 6 993 63 63 63 63 63 63 63 63 63 63 63 63 63 63 63 63 63 63 63 63 63 63 63 63 63 63 63 63 63 63 63 63 63 63 63 63 63 63 63 63 63 63 7 7 7 7 7 7 7 7 7 7 7 7 7 7 7 7 7 7 7 7 7 7 7 7 7 7 7 7 993 6 6 6 6 6 61 61 
61 62 6 6 6 6 6 993 63 63 63 63 63 63 63 63 63 63 63 63 63 63 63 63 63 63 63 63 63 63 63 63 63 63 63 63 63 63 63 63 63 63 63 63 63 63 63 63 63 63 7 7 7 7 7 7 7 7 7 7 7 7 7 7 7 7 7 7 7 7 7 7 7 7 7 7 7 7 993 6 6 6 6 6 61 61 
61 62 6 6 6 6 6 993 63 63 63 63 63 63 63 63 63 63 63 63 63 63 63 63 63 63 63 63 63 63 63 63 63 63 63 63 63 63 63 63 63 63 63 63 63 63 63 63 63 63 7 7 7 7 7 7 7 7 7 7 7 7 7 7 7 7 7 7 7 7 7 7 7 7 7 7 7 7 993 6 6 6 6 6 61 61 
61 62 6 6 6 6 6 993 63 63 63 63 63 63 63 63 63 63 63 63 63 63 63 63 63 63 63 63 63 63 63 63 63 63 63 63 63 63 63 63 63 63 63 63 63 63 63 63 63 63 7 7 7 7 7 7 7 7 7 7 7 7 7 7 7 7 7 7 7 7 7 7 7 7 7 7 7 7 993 6 6 6 6 6 61 61 
61 62 6 6 6 6 6 993 63 63 63 63 63 63 63 63 63 63 63 63 63 63 63 63 63 63 63 63 63 63 63 63 63 63 63 63 63 63 63 63 63 63 63 63 63 63 63 63 63 63 7 7 7 7 7 7 7 7 7 7 7 7 7 7 7 7 7 7 7 7 7 7 7 7 7 7 7 7 993 6 6 6 6 6 61 61 
61 62 6 6 6 6 6 993 63 63 63 63 63 63 63 63 63 63 63 63 63 63 63 63 63 63 63 63 63 63 63 63 63 63 63 63 63 63 63 63 63 63 63 63 63 63 63 63 63 63 7 7 7 7 7 7 7 7 7 7 7 7 7 7 7 7 7 7 7 7 7 7 7 7 7 7 7 7 993 6 6 6 6 6 61 61 
61 62 6 6 6 6 6 993 63 63 63 63 63 63 63 63 63 63 63 63 63 63 63 63 63 63 63 63 63 63 63 63 63 63 63 63 63 63 63 63 63 63 63 63 63 63 63 63 63 63 7 7 7 7 7 7 7 7 7 7 7 7 7 7 7 7 7 7 7 7 7 7 7 7 7 7 7 7 993 6 6 6 6 6 61 61 
61 62 6 6 6 6 6 993 63 63 63 63 63 63 63 63 63 63 63 63 63 63 63 63 63 63 63 63 63 63 63 63 63 63 63 63 63 63 63 63 63 63 63 63 63 63 63 63 63 63 7 7 7 7 7 7 7 7 7 7 7 7 7 7 7 7 7 7 7 7 7 7 7 7 7 7 7 7 993 6 6 6 6 6 61 61 
61 62 6 6 6 6 6 993 63 63 63 63 63 63 63 63 63 63 63 63 63 63 63 63 63 63 63 63 63 63 63 63 63 63 63 63 63 63 63 63 63 63 63 63 63 63 63 63 63 63 7 7 7 7 7 7 7 7 7 7 7 7 7 7 7 7 7 7 7 7 7 7 7 7 7 7 7 7 993 6 6 6 6 6 61 61 
61 62 6 6 6 6 6 993 63 63 63 63 63 63 63 63 63 63 63 63 63 63 63 63 63 63 63 63 63 63 63 63 63 63 63 63 63 63 63 63 63 63 63 63 63 63 63 63 579 579 7 7 7 7 7 7 7 7 7 7 7 7 7 7 7 7 7 7 7 7 7 7 7 7 7 7 7 7 993 6 6 6 6 6 61 61 
61 62 6 6 6 6 6 993 63 63 63 63 63 63 63 63 63 63 63 63 63 63 63 63 63 63 63 63 63 63 63 63 63 63 63 63 63 63 63 63 63 63 63 63 63 63 63 63 579 579 7 7 7 7 7 7 7 7 7 7 7 7 7 7 7 7 7 7 7 7 7 7 7 7 7 7 7 7 993 6 6 6 6 6 61 61 
61 62 6 6 6 6 6 993 63 63 63 63 63 63 63 63 63 63 63 63 63 63 63 63 63 63 63 63 63 63 63 63 63 63 63 63 63 63 63 63 63 63 63 63 63 63 63 63 579 579 7 7 7 7 7 7 7 7 7 7 7 7 7 7 7 7 7 7 7 7 7 7 7 7 7 7 7 7 993 6 6 6 6 6 61 61 
61 62 6 6 6 6 6 993 63 63 63 63 63 63 63 63 63 63 63 63 63 63 63 63 63 63 63 63 63 63 63 63 63 63 63 63 63 63 63 63 63 63 63 63 63 63 63 63 579 579 7 7 7 7 7 7 7 7 7 7 7 7 7 7 7 7 7 7 7 7 7 7 7 7 7 7 7 7 993 6 6 6 6 6 61 61 
61 62 6 6 6 6 6 993 63 63 63 63 63 63 63 63 63 63 63 63 63 63 63 63 63 63 63 63 63 63 63 63 63 63 63 63 63 63 63 63 63 63 63 63 63 63 63 63 579 579 7 7 7 7 7 7 7 7 7 7 7 7 7 7 7 7 7 7 7 7 7 7 7 7 7 7 7 7 993 6 6 6 6 6 61 61 
61 62 6 6 6 6 6 993 63 63 63 63 63 63 63 63 63 63 63 63 63 63 63 63 63 63 63 63 63 63 63 63 63 63 63 63 63 63 63 63 63 63 63 63 63 63 63 63 579 579 7 7 7 7 7 7 7 7 7 7 7 7 7 7 7 7 7 7 7 7 7 7 7 7 7 7 7 7 993 6 6 6 6 6 61 61 
61 62 6 6 6 6 6 993 63 63 63 63 63 63 63 63 63 63 63 63 63 63 63 63 63 63 63 63 63 63 63 63 63 63 63 63 63 63 63 63 63 63 63 63 63 63 63 63 579 579 7 7 7 7 7 7 7 7 7 7 7 7 7 7 7 7 7 7 7 7 7 7 7 7 7 7 7 7 993 6 6 6 6 6 61 61 
61 62 6 6 6 6 6 993 63 63 63 63 63 63 63 63 63 63 63 63 63 63 63 63 63 63 63 63 63 63 63 63 63 63 63 63 63 63 63 63 63 63 63 63 63 63 63 63 579 579 7 7 7 7 7 7 7 7 7 7 7 7 7 7 7 7 7 7 7 7 7 7 7 7 7 7 7 7 993 6 6 6 6 6 61 61 
61 62 6 6 6 6 6 993 63 63 63 63 63 63 63 63 63 63 63 63 63 63 63 63 63 63 63 63 63 63 63 63 63 63 63 63 63 63 63 63 63 63 63 63 63 63 63 63 579 579 7 7 7 7 7 7 7 7 7 7 7 7 7 7 7 7 7 7 7 7 7 7 7 7 7 7 7 7 993 6 6 6 6 6 61 61 
61 62 6 6 6 6 6 993 63 63 63 63 63 63 63 63 63 63 63 63 63 63 63 63 63 63 63 63 63 63 63 63 63 63 63 63 63 63 63 63 63 63 63 63 63 63 63 63 579 579 7 7 7 7 7 7 7 7 7 7 7 7 7 7 7 7 7 7 7 7 7 7 7 7 7 7 7 7 993 6 6 6 6 6 61 61 
61 62 6 6 6 6 6 993 63 63 63 63 63 63 63 63 63 63 63 63 63 63 63 63 63 63 63 63 63 63 63 63 63 63 63 63 63 63 63 63 63 63 63 63 63 63 63 63 579 579 7 7 7 7 7 7 7 7 7 7 7 7 7 7 7 7 7 7 7 7 7 7 7 7 7 7 7 7 993 6 6 6 6 6 61 61 
61 62 6 6 6 6 6 993 63 63 63 63 63 63 63 63 63 63 63 63 63 63 63 63 63 63 63 63 63 63 63 63 63 63 63 63 63 63 63 63 63 63 63 63 63 63 63 63 579 579 7 7 7 7 7 7 7 7 7 7 7 7 7 7 7 7 7 7 7 7 7 7 7 7 7 7 7 7 993 6 6 6 6 6 61 61 
61 62 6 6 6 6 6 993 63 63 63 63 63 63 63 63 63 63 63 63 63 63 63 63 63 63 63 63 63 63 63 63 63 63 63 63 63 63 63 63 63 63 63 63 63 63 63 63 579 579 7 7 7 7 7 7 7 7 7 7 7 7 7 7 7 7 7 7 7 7 7 7 7 7 7 7 7 7 993 6 6 6 6 6 61 61 
61 62 6 6 6 6 6 993 63 63 63 63 63 63 63 63 63 63 63 63 63 63 63 63 63 63 63 63 63 63 63 63 63 63 63 63 63 63 63 63 63 63 63 63 63 63 63 63 579 579 7 7 7 7 7 7 7 7 7 7 7 7 7 7 7 7 7 7 7 7 7 7 7 7 7 7 7 7 993 6 6 6 6 6 61 61 
61 62 6 6 6 6 6 993 63 63 63 63 63 63 63 63 63 63 63 63 63 63 63 63 63 63 63 63 63 63 63 63 63 63 63 63 63 63 63 63 63 63 63 63 63 63 63 63 579 579 7 7 7 7 7 7 7 7 7 7 7 7 7 7 7 7 7 7 7 7 7 7 7 7 7 7 7 7 993 6 6 6 6 6 61 61 
61 62 6 6 6 6 6 993 63 63 63 63 63 63 63 63 63 63 63 63 63 63 63 63 63 63 63 63 63 63 63 63 63 63 63 63 63 63 63 63 63 63 63 63 63 63 63 63 579 579 7 7 7 7 7 7 7 7 7 7 7 7 7 7 7 7 7 7 7 7 7 7 7 7 7 7 7 7 993 6 6 6 6 6 61 61 
61 62 6 6 6 6 6 993 63 63 63 63 63 63 63 63 63 63 63 63 63 63 63 63 63 63 63 63 63 63 63 63 63 63 63 63 63 63 63 63 63 63 63 63 63 63 63 63 579 579 7 7 7 7 7 7 7 7 7 7 7 7 7 7 7 7 7 7 7 7 7 7 7 7 7 7 7 7 993 6 6 6 6 6 61 61 
61 62 6 6 6 6 6 993 63 63 63 63 63 63 63 63 63 63 63 63 63 63 63 63 63 63 63 63 63 63 63 63 63 63 63 63 63 63 63 63 63 63 63 63 63 63 63 63 63 579 7 7 7 7 7 7 7 7 7 7 7 7 7 7 7 7 7 7 7 7 7 7 7 7 7 7 7 7 993 6 6 6 6 6 61 61 
61 62 6 6 6 6 6 993 63 63 63 63 63 63 63 63 63 63 63 63 63 63 63 63 63 63 63 63 63 63 63 63 63 63 63 63 63 63 63 63 63 63 63 63 63 63 63 63 63 579 7 7 7 7 7 7 7 7 7 7 7 7 7 7 7 7 7 7 7 7 7 7 7 7 7 7 7 7 993 6 6 6 6 6 61 61 
61 62 6 6 6 6 6 993 63 63 63 63 63 63 63 63 63 63 63 63 63 63 63 63 63 63 63 63 63 63 63 63 63 63 63 63 63 63 63 63 63 63 63 63 63 63 63 63 579 579 7 7 7 7 7 7 7 7 7 7 7 7 7 7 7 7 7 7 7 7 7 7 7 7 7 7 7 7 993 6 6 6 6 6 61 61 
61 62 6 6 6 6 6 993 63 63 63 63 63 63 63 63 63 63 63 63 63 63 63 63 63 63 63 63 63 63 63 63 63 63 63 63 63 63 63 63 63 63 63 63 63 63 63 63 579 579 7 7 7 7 7 7 7 7 7 7 7 7 7 7 7 7 7 7 7 7 7 7 7 7 7 7 7 7 993 6 6 6 6 6 61 61 
61 62 6 6 6 6 6 993 63 63 63 63 63 63 63 63 63 63 63 63 63 63 63 63 63 63 63 63 63 63 63 63 63 63 63 63 63 63 63 63 63 63 63 63 63 63 63 63 579 579 7 7 7 7 7 7 7 7 7 7 7 7 7 7 7 7 7 7 7 7 7 7 7 7 7 7 7 7 993 6 6 6 6 6 61 61 
61 62 6 6 6 6 6 877 876 876 876 876 876 876 876 876 876 876 876 876 876 876 876 876 876 876 876 876 876 876 876 876 876 876 876 876 876 876 876 876 876 876 876 876 876 876 876 876 876 876 876 876 876 876 876 876 876 876 876 876 876 876 876 876 876 876 876 876 876 876 876 876 876 876 876 876 876 876 879 6 6 6 6 6 61 61 
61 62 6 6 6 6 6 6 6 6 6 6 6 6 6 6 6 6 6 6 6 6 6 6 6 6 6 6 6 6 6 6 6 6 6 6 6 6 6 6 6 6 6 6 6 6 6 6 6 6 6 6 6 6 6 6 6 6 6 6 6 6 6 6 6 6 6 6 6 6 6 6 6 6 6 6 6 6 6 6 6 6 6 6 61 61 
61 62 6 6 6 6 6 6 6 6 6 6 6 6 6 6 6 6 6 6 6 6 6 6 6 6 6 6 6 6 6 6 6 6 6 6 6 6 6 6 6 6 6 6 6 6 6 6 6 6 6 6 6 6 6 6 6 6 6 6 6 6 6 6 6 6 6 6 6 6 6 6 6 6 6 6 6 6 6 6 6 6 6 6 61 61 
61 62 6 6 6 6 6 6 6 6 6 6 6 6 6 6 6 6 6 6 6 6 6 6 6 6 6 6 6 6 6 6 6 6 6 6 6 6 6 6 6 6 6 6 6 6 6 6 6 6 6 6 6 6 6 6 6 6 6 6 6 6 6 6 6 6 6 6 6 6 6 6 6 6 6 6 6 6 6 6 6 6 6 6 61 61 
61 62 6 6 6 6 6 6 6 6 6 6 6 6 6 6 6 6 6 6 6 6 6 6 6 6 6 6 6 6 6 6 6 6 6 6 6 6 6 6 6 6 6 6 6 6 6 6 6 6 6 6 6 6 6 6 6 6 6 6 6 6 6 6 6 6 6 6 6 6 6 6 6 6 6 6 6 6 6 6 6 6 6 6 61 61 
61 62 6 6 6 6 6 6 6 6 6 6 6 6 6 6 6 6 6 6 6 6 6 6 6 6 6 6 6 6 6 6 6 6 6 6 6 6 6 6 6 6 6 6 6 6 6 6 6 6 6 6 6 6 6 6 6 6 6 6 6 6 6 6 6 6 6 6 6 6 6 6 6 6 6 6 6 6 6 6 6 6 6 6 61 61 
61 115 6 6 6 6 6 6 6 6 6 6 6 6 6 6 6 6 6 6 6 6 6 6 6 6 6 6 6 6 6 6 6 6 6 6 6 6 6 6 6 6 6 6 6 6 6 6 6 6 6 6 6 6 6 6 6 6 6 6 6 6 6 6 6 6 6 6 6 6 6 6 6 6 6 6 6 6 6 6 6 6 6 6 61 61 
61 61 61 61 6 6 6 6 6 6 6 6 6 6 6 6 6 6 6 6 6 6 6 6 6 6 6 6 6 6 6 6 6 6 6 6 6 6 6 6 6 6 6 6 6 6 6 6 6 6 6 6 6 6 6 6 6 6 6 6 6 6 6 6 6 6 6 6 6 6 6 6 6 6 6 6 6 6 6 6 6 6 6 6 61 61
-
0 0 0 0 644 0 0 0 0 0 0 644 0 0 0 0 0 0 0 644 644 0 644 0 0 0 0 0 0 0 0 0 0 0 644 0 0 0 0 0 0 644 0 0 0 0 0 644 0 0 0 0 0 0 0 0 1252 0 0 1139 0 0 0 644 0 644 644 0 0 0 644 0 0 644 0 0 0 0 644 0 0 644 60 61 0 0 
0 0 644 644 0 644 644 644 0 644 0 0 0 0 644 644 0 0 644 0 644 0 0 644 644 644 0 644 644 644 644 0 644 0 0 0 644 644 644 0 644 0 644 0 0 0 0 644 0 644 0 0 0 0 0 0 0 0 0 0 0 644 0 0 0 644 644 0 644 644 0 0 644 0 0 644 0 644 0 0 0 644 60 61 1253 0 
0 0 0 0 644 0 644 644 0 644 0 0 644 0 644 0 644 644 0 0 644 0 644 0 0 0 644 644 0 0 0 0 0 0 644 0 0 0 0 0 644 644 644 0 644 644 0 0 0 644 0 1139 0 1252 0 0 0 0 0 0 0 644 644 0 644 0 0 0 644 0 644 644 0 644 0 0 0 0 644 0 644 0 60 61 0 0 
0 0 0 644 0 644 644 644 0 0 0 644 0 0 644 0 0 0 644 0 0 0 0 644 0 644 644 0 644 0 0 644 0 644 0 644 0 644 644 0 644 0 644 644 0 0 0 644 644 0 0 0 0 0 0 0 644 0 644 644 0 0 0 0 644 644 0 644 644 644 0 0 644 0 0 0 0 644 0 0 0 3 116 61 0 0 
0 0 0 644 644 0 0 0 644 0 644 0 644 0 0 644 644 644 0 0 644 644 0 0 0 644 0 0 0 644 644 0 0 0 0 644 644 644 644 644 644 644 0 644 0 644 0 644 0 0 0 58 0 0 0 644 0 644 0 644 0 644 644 644 644 0 0 644 0 0 644 0 644 644 0 644 0 0 0 644 0 60 61 61 0 0 
0 0 0 0 0 644 0 644 0 0 0 644 644 0 644 0 644 0 644 0 644 644 644 0 644 644 0 644 0 0 0 0 644 644 0 644 0 0 644 0 644 644 0 644 644 0 644 644 0 0 1252 0 644 644 0 644 644 0 644 0 0 644 644 644 644 0 644 0 644 0 644 644 0 0 0 0 644 0 0 0 0 60 61 61 0 0 
0 0 644 644 0 644 0 0 0 644 0 0 0 0 0 0 0 0 0 0 0 0 644 0 0 0 0 0 0 0 644 644 0 0 644 0 0 0 0 644 0 0 0 0 0 0 0 0 0 0 0 644 0 644 0 0 644 644 0 644 0 0 0 0 644 0 0 0 0 0 0 0 0 644 0 0 0 0 0 644 0 60 61 61 0 0 
0 0 0 644 644 0 0 644 644 644 644 644 644 644 644 644 644 644 644 644 644 644 644 644 644 644 644 644 644 644 644 644 644 644 644 644 644 644 644 644 644 644 644 644 644 644 644 644 0 0 0 644 644 644 644 644 644 644 644 644 644 644 644 644 644 644 644 644 644 644 644 644 644 644 644 644 644 644 644 0 0 60 61 61 0 0 
0 0 0 0 0 0 644 0 0 0 0 0 0 0 0 0 0 0 0 0 0 0 0 0 0 0 0 0 0 0 0 0 0 0 0 0 0 0 0 0 0 0 0 0 0 0 0 0 0 0 0 0 0 0 0 0 0 0 0 0 0 0 0 0 0 0 0 0 0 0 0 0 0 0 0 0 0 0 0 0 644 60 61 61 0 0 
0 0 644 0 644 644 0 0 641 0 641 0 641 0 641 0 641 0 641 0 641 0 641 0 0 641 0 0 641 0 641 0 0 0 641 0 0 0 0 641 0 0 0 641 0 0 0 0 60 61 61 61 0 0 0 0 1319 1204 1263 1263 1263 1263 1263 1263 1263 1263 1263 1263 1263 1263 1263 1263 1263 1263 1263 1263 1263 1263 0 0 0 60 61 61 0 0 
0 0 644 0 0 644 644 0 0 409 0 641 0 641 0 641 0 641 0 641 0 641 0 641 0 0 641 0 0 641 0 0 641 0 0 0 0 641 0 0 0 641 0 0 0 0 0 0 60 61 61 61 0 0 0 0 0 1319 1204 1263 1263 1263 1263 1263 1263 1263 1263 1263 1263 1263 1263 1263 1263 1263 1263 1263 1263 1263 0 0 0 60 61 61 0 0 
0 0 0 0 644 0 0 0 0 409 0 0 641 0 641 0 641 0 641 0 641 0 641 0 641 0 0 641 0 0 0 0 0 0 0 641 0 0 0 0 0 0 0 0 0 641 0 641 60 61 61 61 0 0 0 0 0 0 1262 1263 1263 1263 1263 1263 1263 1263 1263 1263 1263 1263 1263 1263 1263 1263 1263 1263 1263 1263 0 644 3 116 61 61 0 0 
0 0 644 644 644 0 644 0 641 409 0 0 0 641 0 0 0 641 0 641 0 641 0 641 0 641 0 0 0 0 0 641 0 0 0 0 0 0 0 0 0 0 0 0 0 0 0 0 60 61 61 61 0 0 0 0 0 0 1262 1263 1263 1263 1263 1263 1263 1263 1263 1263 1263 1263 1263 1263 1263 1263 1263 1263 1263 1263 0 0 60 61 61 61 0 0 
0 0 0 0 0 644 0 0 0 409 0 0 0 0 0 0 0 0 0 0 0 0 0 0 641 0 0 641 0 0 641 0 0 0 0 641 0 0 0 0 0 0 0 0 0 641 0 0 60 61 61 0 0 0 0 0 0 0 1319 1320 1204 1263 1263 1263 1263 1263 1263 1263 1263 1263 1263 1263 1263 1263 1263 1263 1263 1263 0 0 60 61 61 61 0 0 
0 0 644 644 0 0 0 0 0 464 466 408 0 0 0 0 0 0 641 0 0 641 0 0 0 641 0 0 0 0 0 0 0 641 0 0 0 0 0 0 0 0 0 641 0 0 0 0 60 61 61 0 0 642 0 0 0 0 0 0 1262 1263 1263 1263 1263 1263 1263 1263 1263 1263 1263 1263 1263 1263 1263 1263 1263 1263 0 0 60 61 61 61 0 0 
0 0 0 0 644 644 0 0 0 641 0 464 408 0 0 641 0 0 0 0 0 0 0 0 0 0 0 0 0 0 0 0 0 0 0 0 0 0 0 0 0 641 0 0 0 0 641 0 60 61 61 0 0 0 0 0 0 0 0 0 1262 1263 1263 1263 1263 1263 1263 1263 1263 1263 1263 1263 1263 1263 1263 1263 1263 1263 0 0 60 61 61 61 0 0 
0 0 0 0 0 0 0 0 0 0 0 0 409 0 0 0 0 0 0 641 0 0 0 0 641 0 0 0 641 0 0 0 641 0 0 0 0 0 0 0 0 0 0 641 0 0 0 0 60 61 0 0 0 0 0 0 0 0 0 0 1319 1320 1204 1263 1263 1263 1263 1263 1263 1263 1263 1263 1263 1263 1263 1263 1263 1263 0 644 60 61 61 61 0 0 
0 0 0 644 0 644 644 0 0 641 0 641 464 408 0 0 0 641 0 0 0 641 0 0 0 0 641 0 0 0 0 0 0 0 0 641 0 0 0 641 0 521 466 466 466 466 466 466 60 61 0 0 0 0 0 0 0 0 0 0 0 0 1262 1263 1263 1263 1263 1263 1263 1263 1263 1263 1263 1263 1263 1263 1263 1263 0 0 60 61 61 61 0 0 
0 0 0 644 0 0 0 0 0 0 0 0 0 464 408 0 0 0 0 0 0 0 0 641 0 521 522 522 522 522 522 523 0 0 0 0 0 641 0 0 0 409 0 0 0 0 0 0 60 61 0 0 0 0 0 0 0 0 0 0 0 0 1262 1263 1263 1263 1263 1263 1263 1263 1263 1263 1263 1263 1263 1263 1263 1263 0 3 116 61 61 61 0 0 
0 0 644 644 0 644 0 0 0 0 641 0 0 641 464 466 466 466 466 466 466 466 466 466 466 520 579 579 579 579 579 580 0 0 0 0 0 0 0 0 0 409 0 0 0 0 0 0 60 61 61 0 642 0 0 0 0 0 0 0 0 0 1262 1263 1263 1263 1263 1263 1263 1263 1263 1263 1263 1263 1263 1263 1263 1263 0 60 61 61 61 61 0 0 
0 0 0 0 644 644 644 0 641 0 0 0 0 0 0 0 0 0 641 0 0 0 0 0 0 635 520 579 579 579 579 580 0 0 641 0 0 0 0 521 466 637 0 0 0 0 0 0 60 61 61 0 0 0 0 0 0 0 0 0 0 0 1262 1263 1263 1263 1263 1263 1263 1263 1263 1263 1263 1263 1263 1263 1263 1263 0 60 61 61 61 61 0 0 
0 0 0 0 0 0 0 0 0 0 0 0 0 0 0 0 0 0 0 0 0 0 641 0 0 0 635 636 636 636 636 580 0 0 0 0 0 0 0 409 0 0 0 0 0 0 0 0 60 61 61 0 0 0 0 0 0 0 0 0 0 0 1319 1320 1320 1204 1263 1263 1263 1263 1263 1263 1263 1263 1263 1263 1263 1263 0 60 61 61 61 61 0 0 
0 0 0 644 644 0 0 0 864 864 864 864 864 864 864 864 864 864 865 0 0 0 0 0 0 0 0 0 0 0 0 409 0 0 0 0 0 0 407 637 0 0 641 0 0 0 641 0 60 61 61 0 0 0 0 0 0 0 0 0 0 0 0 0 0 1262 1263 1263 1263 1263 1263 1263 1263 1263 1263 1263 1263 1263 0 60 61 61 61 61 0 0 
0 0 644 0 644 644 0 0 921 921 921 921 921 921 921 921 921 921 922 0 0 0 0 0 0 641 0 0 0 0 0 409 641 0 0 0 0 0 409 0 0 0 0 0 0 0 0 0 60 61 61 0 0 0 642 0 0 0 0 0 0 0 0 0 0 1262 1263 1263 1263 1263 1263 1263 1263 1263 1263 1263 1263 1263 0 60 61 61 61 61 0 0 
0 0 0 644 0 644 0 0 921 921 921 921 921 921 921 921 921 921 918 865 0 0 0 0 3 4 5 63 0 641 0 409 0 0 0 641 521 466 637 0 0 0 0 0 0 0 0 0 60 61 61 0 0 0 0 0 0 0 0 642 0 0 0 0 0 1319 1320 1320 1320 1204 1263 1263 1263 1263 1263 1263 1263 1263 0 60 61 61 61 61 0 0 
0 0 644 0 0 0 0 0 921 921 921 921 921 921 921 921 921 921 921 922 0 0 0 3 116 58 119 0 0 0 0 409 0 0 0 0 409 0 0 0 641 0 0 0 0 0 0 0 60 61 61 642 0 0 0 0 0 0 0 0 0 0 0 0 0 0 0 0 0 1262 1263 1263 1263 1263 1263 1263 1263 1263 0 60 61 61 61 61 0 0 
0 0 0 644 644 0 644 0 921 921 921 921 921 921 921 921 921 921 921 922 0 0 0 117 59 115 5 63 0 0 0 409 0 0 521 466 637 0 0 0 0 0 0 0 0 0 0 0 60 61 61 0 0 0 0 0 0 0 0 0 0 0 0 0 0 0 1091 1150 1374 179 179 179 179 179 179 179 179 179 0 60 61 61 61 61 0 0 
0 0 0 0 644 644 0 0 921 921 921 921 921 921 921 921 921 921 921 918 865 0 0 0 117 59 115 5 63 0 0 409 641 0 409 0 0 0 0 0 0 0 0 641 0 0 0 0 60 61 61 0 0 0 0 0 0 0 0 0 0 0 0 0 0 0 1093 0 0 1319 1320 1320 1320 1204 1263 1263 1263 1263 0 60 61 61 61 61 0 0 
0 0 644 0 0 644 644 0 921 921 921 921 921 921 921 921 921 921 921 921 922 0 0 0 0 117 59 115 5 63 0 409 521 466 637 0 0 0 0 0 0 0 0 0 0 0 0 3 116 61 61 61 642 0 0 0 0 0 0 0 0 0 0 0 0 0 1093 0 0 0 0 0 0 1262 1263 1263 1263 1263 0 117 59 61 61 61 1253 0 
0 0 0 0 0 644 0 0 874 874 874 874 921 921 921 921 921 921 921 921 922 0 0 0 0 3 116 58 119 0 641 464 406 0 0 0 0 0 0 0 0 0 0 0 0 0 0 60 61 61 61 61 0 0 0 0 0 0 0 0 0 0 0 0 1205 1150 1149 0 0 0 0 0 0 1262 1263 1263 1263 1263 0 644 60 61 61 61 0 0 
0 0 0 644 644 0 0 0 874 874 874 874 921 921 921 921 921 921 921 921 922 0 0 0 0 60 1423 62 0 0 0 0 409 0 0 0 0 0 0 0 0 0 0 0 0 0 0 60 61 61 61 61 0 0 0 0 0 0 0 0 0 0 1205 1150 1321 0 0 0 0 0 0 0 0 1262 1263 1263 1263 1263 0 0 60 61 61 61 0 0 
0 0 0 0 644 0 0 0 874 874 874 874 921 921 921 921 921 921 921 921 922 0 0 0 0 117 118 119 0 0 641 0 409 0 0 0 0 0 0 0 0 0 641 0 0 0 3 116 61 61 61 61 0 0 0 0 642 0 0 1205 1150 1150 1149 0 0 0 0 0 0 0 0 0 0 1319 1320 1320 1204 1263 0 0 60 61 61 61 0 0 
0 0 644 0 644 0 0 0 874 874 874 874 921 921 921 921 921 921 921 921 922 0 0 0 0 0 0 0 0 0 0 0 409 0 0 0 0 0 0 0 0 0 0 0 0 0 60 61 61 61 61 61 0 0 0 0 0 0 1205 1321 0 0 0 0 0 0 0 0 0 0 0 0 0 0 0 0 1262 1263 0 0 117 59 61 61 0 0 
0 0 0 644 0 644 644 0 874 874 874 874 921 921 921 921 921 921 921 921 918 865 0 0 0 0 0 0 0 0 0 0 409 0 0 0 641 0 0 0 0 0 0 0 0 3 116 61 61 61 61 61 0 0 0 0 0 1205 1149 0 0 0 0 0 0 0 0 0 0 0 0 642 0 0 0 0 1262 1263 0 0 0 60 61 61 0 0 
0 0 0 0 644 644 644 0 874 874 874 874 179 179 179 179 179 179 179 921 921 918 808 808 808 808 808 808 466 466 405 466 463 466 466 466 466 466 466 466 466 466 466 466 466 60 61 61 61 61 462 1150 1150 1150 1150 1150 1150 1090 0 0 0 0 0 0 0 0 0 0 0 0 0 0 0 0 0 0 1319 1204 0 644 0 60 61 61 0 0 
0 0 644 644 644 644 0 0 921 921 921 921 921 921 921 921 921 921 921 921 861 979 0 0 0 0 0 0 0 0 409 0 0 0 0 0 0 0 0 0 0 0 0 0 3 116 61 61 61 61 61 0 0 0 0 0 0 1093 0 0 0 0 0 0 0 0 0 0 0 0 0 0 0 0 0 0 0 1319 0 0 0 60 61 61 0 0 
0 0 0 0 0 644 0 0 921 921 921 921 921 921 921 921 921 921 921 861 979 0 0 0 0 0 0 0 0 0 409 0 0 0 0 0 0 0 0 0 0 0 0 0 60 61 61 61 61 61 61 0 0 0 0 0 0 1093 0 0 0 642 0 0 0 0 0 0 0 0 0 0 0 0 0 0 0 0 0 0 644 60 61 61 0 0 
0 0 0 644 0 644 0 0 921 921 921 921 921 921 921 921 921 921 861 979 0 0 0 0 0 0 0 0 0 0 409 0 0 0 0 0 0 0 0 0 0 0 0 0 60 61 61 61 61 61 0 0 0 0 0 0 0 1093 0 0 0 0 0 0 0 0 0 0 0 0 0 0 0 0 0 0 0 0 0 0 0 60 61 61 0 0 
0 0 0 644 0 644 0 0 921 921 921 921 921 921 921 921 921 861 979 0 0 0 0 0 0 0 0 0 0 0 409 0 0 0 0 0 0 0 0 0 0 0 0 0 60 61 61 61 61 61 0 0 0 0 0 0 0 1093 0 0 0 0 0 0 0 0 0 0 0 0 0 0 0 0 0 0 0 0 0 644 0 60 61 61 0 0 
0 0 644 0 0 644 0 0 921 921 921 921 921 921 921 921 861 979 0 0 0 0 0 0 0 0 0 0 0 0 409 0 0 0 0 0 0 0 0 0 0 0 0 0 60 61 61 61 61 0 0 0 0 0 0 0 0 1093 0 0 0 0 0 0 0 0 0 1029 1031 0 0 0 0 0 0 642 0 0 0 0 0 60 61 61 0 0 
0 0 0 0 644 644 0 0 921 921 921 921 921 921 921 921 922 0 0 0 0 0 0 0 0 0 0 0 0 0 409 0 0 0 0 0 0 0 0 0 0 0 0 3 116 61 61 61 0 0 0 0 0 0 0 0 0 1093 0 0 0 0 0 642 0 0 1029 1085 1088 0 0 0 0 0 0 0 0 0 0 0 0 60 61 61 0 0 
0 0 644 0 0 644 0 0 921 921 921 921 921 921 861 978 979 0 0 0 0 0 0 0 0 0 0 0 0 0 409 0 0 0 0 0 0 0 0 0 0 0 0 60 61 61 61 61 0 0 0 0 0 0 0 0 0 1093 1194 0 0 535 0 0 0 0 1143 1028 1088 0 0 0 0 0 0 0 0 0 0 0 644 60 61 61 0 0 
0 0 0 644 0 0 0 0 978 978 978 978 978 978 979 0 0 0 0 0 0 0 0 0 0 0 0 0 0 0 409 0 0 0 0 0 0 0 0 0 0 0 0 60 61 61 61 61 61 0 0 0 0 0 0 0 0 1093 0 1251 0 0 0 535 0 0 0 1143 1145 0 0 0 0 0 0 887 888 889 0 0 0 60 61 61 1253 0 
0 0 0 0 0 644 644 0 0 0 0 0 0 0 0 0 0 0 0 0 0 0 0 0 0 0 0 0 0 0 409 0 0 0 0 0 0 0 0 0 0 0 0 60 61 61 61 61 61 0 0 0 0 0 0 0 0 1093 1194 0 0 0 0 0 0 0 535 0 0 0 0 642 0 0 0 887 888 889 0 644 0 60 61 61 0 0 
0 0 644 644 644 644 0 0 0 0 0 0 0 0 0 0 0 0 0 0 0 0 0 0 0 0 0 0 0 0 409 0 0 0 0 0 0 0 0 0 0 0 3 116 61 61 61 61 61 61 0 0 0 0 0 0 0 1093 0 0 535 0 0 0 0 0 0 0 0 0 0 0 0 0 0 887 888 889 0 0 3 116 61 61 0 0 
0 0 0 0 0 644 0 0 0 0 0 0 0 0 0 0 0 0 0 0 0 0 0 0 0 0 0 0 0 0 409 0 0 0 0 0 0 0 0 0 0 0 60 61 1424 61 61 61 61 61 0 0 0 0 0 0 0 1093 0 0 0 0 0 0 0 0 0 0 0 0 0 0 0 0 0 887 888 889 0 0 60 61 61 61 0 0 
0 0 644 0 644 0 0 0 0 0 0 0 0 0 0 0 0 0 0 0 0 0 0 0 0 0 0 0 0 0 409 0 0 0 0 0 0 0 0 0 0 0 60 61 61 61 61 61 61 0 0 0 0 0 0 0 0 1093 0 0 0 0 0 0 0 0 0 863 864 864 864 864 864 864 864 864 0 0 0 0 60 61 61 61 0 0 
0 0 0 0 644 0 0 0 0 0 0 0 0 0 0 0 0 0 521 522 522 522 522 522 523 0 0 0 0 0 409 0 0 0 0 0 0 0 0 0 0 0 60 61 61 61 61 61 61 0 0 0 0 0 0 0 0 1093 0 535 0 0 0 0 0 0 0 977 978 978 978 978 978 978 978 0 0 0 0 0 60 61 61 61 0 0 
0 0 644 0 644 644 0 0 0 0 0 0 0 0 0 0 0 521 577 579 579 579 579 579 579 523 0 0 0 0 409 0 0 0 0 0 0 0 0 0 0 0 60 61 61 61 61 61 61 0 0 0 0 0 0 0 0 1093 0 0 0 0 0 0 0 0 0 0 0 0 0 0 0 0 0 0 529 0 0 644 60 61 61 61 0 0 
0 0 0 644 644 0 644 0 0 0 0 0 0 0 0 0 521 577 579 579 579 579 579 579 579 580 0 0 0 0 409 0 0 0 0 0 0 0 0 0 0 0 60 61 61 61 61 61 61 0 0 0 0 0 0 0 0 1148 1150 1150 1150 1150 1089 1150 1150 1207 0 535 0 0 0 0 0 535 0 0 0 0 0 0 60 61 61 61 0 0 
0 0 0 644 0 644 0 0 0 644 0 0 0 0 0 521 577 579 579 579 579 579 579 579 579 576 523 0 0 0 409 0 0 0 0 644 644 644 644 644 644 644 60 61 61 61 61 61 61 0 0 0 0 0 0 0 0 0 0 0 0 1091 1149 0 0 1148 1092 0 0 535 0 0 0 0 0 0 0 0 0 0 117 59 61 61 0 0 
0 0 0 0 644 644 0 0 644 0 644 0 0 0 0 578 579 579 579 579 579 579 579 579 579 579 576 523 0 0 409 0 0 0 0 0 593 0 0 0 0 0 60 61 61 61 61 61 61 0 0 0 0 0 0 0 0 0 1091 1150 1150 1149 0 0 0 593 1093 0 0 0 0 0 0 0 0 0 0 646 0 644 0 60 61 61 0 0 
0 0 644 644 0 644 0 0 466 466 466 466 466 466 466 520 579 579 579 579 579 579 579 579 579 579 579 576 523 0 409 0 0 0 0 0 0 874 874 874 593 0 60 61 61 61 61 61 61 0 0 0 0 1091 1150 1150 1150 1150 1149 0 0 0 0 529 0 0 1148 1207 650 0 646 0 0 646 0 646 0 0 0 0 0 60 61 61 0 0 
0 0 644 0 0 0 644 0 0 644 0 0 644 0 0 635 636 636 520 579 579 579 579 579 579 579 579 579 579 466 463 408 0 0 0 593 0 873 874 875 0 0 60 61 61 61 61 61 61 0 0 0 0 1093 0 0 0 0 0 0 0 0 0 0 0 0 650 1148 1207 646 0 646 0 0 646 0 0 0 0 644 0 60 61 61 1253 0 
0 0 644 0 644 0 644 0 644 587 644 0 0 644 0 644 0 0 635 636 636 636 636 636 636 636 636 636 637 0 0 409 0 0 0 0 0 870 869 872 0 593 60 61 61 61 61 61 61 0 0 0 0 1093 0 0 0 0 0 0 0 0 0 0 0 646 0 0 1148 1207 646 0 646 0 0 0 646 0 0 0 0 60 61 61 0 0 
0 0 0 0 0 0 0 0 587 644 587 644 0 0 0 0 0 0 644 0 644 0 644 0 644 0 644 0 0 0 0 409 0 0 0 0 0 0 0 0 0 0 60 61 61 61 61 61 61 0 0 0 1091 1149 0 0 0 0 0 0 0 0 646 0 646 0 646 0 0 1148 1150 1150 1092 593 646 0 0 529 0 0 644 60 61 61 0 0 
0 0 0 644 0 644 0 0 644 587 644 587 644 0 644 0 644 0 0 0 0 0 0 0 0 0 0 0 0 644 0 464 466 466 466 466 466 466 405 466 466 466 60 61 61 61 61 61 1150 1150 1150 1150 1149 0 0 0 0 0 0 646 0 646 0 646 0 646 0 646 0 646 0 650 1262 1206 1206 1206 1206 1206 0 0 0 60 61 61 0 0 
0 0 0 0 0 0 644 0 587 644 587 644 587 644 587 644 587 644 0 644 0 644 0 644 0 644 0 644 0 0 0 0 0 0 0 0 0 0 409 0 0 0 60 61 61 61 61 61 61 0 0 0 0 0 0 0 0 0 646 0 646 0 646 0 646 0 646 0 646 0 646 1205 1261 1263 1263 1263 1263 1263 0 644 644 60 61 61 0 0 
0 0 644 644 0 644 0 0 644 0 644 0 644 0 644 0 644 0 644 0 644 0 644 0 644 0 644 0 644 0 644 0 644 0 644 0 0 0 409 0 0 0 60 61 61 61 61 62 61 0 0 0 0 0 0 0 0 646 0 646 0 646 0 646 0 646 0 646 0 646 0 1262 1263 1263 1263 1263 1263 1263 0 0 0 60 61 61 0 0 
0 0 0 0 644 0 0 0 0 0 0 0 0 0 0 0 0 0 0 0 0 0 0 0 0 0 0 0 0 0 0 0 0 0 0 0 0 0 0 0 0 0 60 61 61 61 61 62 0 0 0 0 0 0 0 0 0 0 0 0 0 0 0 0 0 0 0 0 0 0 0 0 0 0 0 0 0 0 0 644 0 60 61 61 0 0 
0 0 0 644 0 644 644 0 0 644 0 644 0 644 644 0 644 0 0 0 0 644 0 644 0 644 0 0 0 0 0 0 644 0 0 0 0 644 0 644 0 0 60 61 61 61 61 62 0 0 0 0 0 644 0 0 0 0 0 644 0 0 644 0 0 644 0 644 0 644 0 0 644 0 0 0 0 0 0 0 644 60 61 61 0 0 
0 0 0 0 644 0 0 0 644 0 0 0 644 644 0 0 644 0 644 0 0 0 644 0 0 0 0 0 644 0 644 0 0 644 0 644 0 0 0 644 0 644 60 61 61 61 61 62 0 0 644 0 0 644 0 0 0 644 0 0 644 0 644 0 0 644 0 0 644 0 644 0 0 644 0 644 0 644 0 644 0 60 61 61 0 0 
0 0 644 644 0 644 644 644 0 644 644 644 0 644 644 644 0 0 0 644 644 0 644 0 644 644 644 0 0 0 644 644 644 0 644 0 0 644 0 0 0 644 60 61 61 61 61 62 644 0 0 0 644 644 0 644 0 0 0 644 0 644 0 0 644 0 644 644 0 644 644 644 0 644 644 0 0 644 644 0 3 116 61 61 0 0 
0 0 0 644 0 0 0 0 644 0 0 0 0 0 0 0 644 0 0 644 0 0 0 0 0 0 0 0 0 644 0 0 0 0 644 0 0 0 0 644 644 0 60 61 61 61 61 62 0 0 644 0 0 0 644 0 0 644 0 0 0 0 0 644 0 644 644 0 644 0 0 644 0 644 0 644 0 0 0 0 60 61 61 61 0 0 
0 0 1240 1070 1070 1070 1070 1070 1070 1070 1070 1070 1070 1070 1070 1070 1070 1070 1070 1070 1070 1070 1070 1070 1070 1070 1070 1070 1070 1070 1070 1070 1070 1070 1070 1070 1070 1070 1070 1070 1070 1239 60 61 61 61 61 62 1240 1070 1070 1070 1070 1070 1070 1070 1070 1070 1070 1070 1070 1070 1070 1070 1070 1070 1070 1070 1070 1070 1070 1070 1070 1070 1070 1070 1070 1070 1070 1073 60 61 61 61 0 0 
0 0 4 4 4 4 4 4 4 4 4 4 4 4 4 4 4 4 4 4 4 4 4 4 4 4 4 4 4 4 4 4 4 4 4 4 4 4 4 4 4 4 61 61 61 61 61 61 4 4 4 4 4 4 4 4 4 4 4 4 4 4 4 4 4 4 4 4 4 4 4 4 4 4 4 4 4 4 5 1127 60 61 61 61 0 1253 
0 0 61 61 61 61 61 61 61 61 61 61 61 61 61 61 61 61 61 61 61 61 61 61 61 61 61 61 61 61 61 61 61 61 61 61 61 61 61 61 61 61 61 61 61 61 61 61 61 61 61 61 61 61 61 61 61 61 61 61 61 61 61 61 61 61 61 61 61 61 61 61 61 61 61 61 61 61 62 1127 60 61 61 61 0 0
-
0 0 0 0 0 0 0 0 0 0 0 0 0 0 0 0 0 0 0 0 0 0 0 0 0 0 0 0 0 0 0 0 0 0 0 0 0 0 0 0 0 0 0 0 0 0 0 0 0 0 0 0 0 0 0 0 0 0 0 0 0 0 0 0 0 0 0 0 0 0 0 0 0 0 0 0 0 0 0 0 0 0 0 0 0 0 
0 0 0 0 0 0 0 0 0 0 0 0 0 0 0 0 0 0 0 0 0 0 0 0 0 0 0 0 0 0 0 0 0 0 0 0 0 0 0 0 0 0 0 0 0 0 0 0 0 0 0 0 0 0 0 0 0 0 0 0 0 0 0 0 0 0 0 0 0 0 0 0 0 0 0 0 0 0 0 0 0 0 0 0 0 0 
0 0 0 0 0 0 0 0 0 0 0 0 0 0 0 0 0 0 0 0 0 0 0 0 0 0 0 0 0 0 0 0 0 0 0 0 0 0 0 0 0 0 0 0 0 0 0 0 0 0 0 0 0 0 0 0 0 0 0 0 0 0 0 0 0 0 0 0 0 0 0 0 0 0 0 0 0 0 0 0 0 0 0 0 0 0 
0 0 0 0 0 0 0 0 0 0 0 0 0 0 0 0 0 0 0 0 0 0 0 0 0 0 0 0 0 0 0 0 0 0 0 0 0 0 0 0 0 0 0 0 0 0 0 0 0 0 0 0 0 0 0 0 0 0 0 0 0 0 0 0 0 0 0 0 0 0 0 0 0 0 0 0 0 0 0 0 0 0 0 0 0 0 
0 0 0 0 0 0 0 0 0 0 0 0 0 0 0 0 0 0 0 0 0 0 0 0 0 0 0 0 0 0 0 0 0 0 0 0 0 0 0 0 0 0 0 0 0 0 0 0 0 0 0 0 0 0 0 0 0 0 0 0 0 0 0 0 0 0 0 0 0 0 0 0 0 0 0 0 0 0 0 0 0 1025 1139 0 0 0 
0 0 0 0 0 0 0 0 0 0 0 0 0 0 0 0 0 0 0 0 0 0 0 0 0 0 0 0 0 0 0 0 0 0 0 0 0 0 0 0 0 0 0 0 0 0 0 0 0 0 0 0 0 0 0 0 0 0 0 0 0 0 0 0 0 0 0 0 0 0 0 0 0 0 0 0 0 0 0 0 0 0 0 0 0 0 
0 0 0 0 0 0 0 0 0 0 0 0 0 0 0 0 0 0 0 0 0 0 0 0 0 0 0 0 0 0 0 0 0 0 0 0 0 0 0 0 0 0 0 0 0 0 0 0 0 0 0 0 0 0 0 0 0 0 0 0 0 0 0 0 0 0 0 0 0 0 0 0 0 0 0 0 0 0 0 0 0 0 0 0 0 0 
0 0 0 0 0 0 0 0 0 0 0 0 0 0 0 0 0 0 0 0 0 0 0 0 0 0 0 0 0 0 0 0 0 0 0 0 0 0 0 0 0 0 0 0 0 0 0 0 0 0 0 0 0 0 0 0 0 0 0 0 0 0 0 0 0 0 0 0 0 0 0 0 0 0 0 0 0 0 0 0 0 0 1253 0 0 0 
0 0 0 0 0 0 0 0 0 0 0 0 0 0 0 0 0 0 0 0 0 0 0 0 0 0 0 0 0 0 0 0 0 0 0 0 0 0 0 0 0 0 0 0 0 0 0 0 0 0 0 0 0 0 0 0 0 0 0 0 0 0 0 0 0 0 0 0 0 0 0 0 0 0 0 0 0 0 0 0 0 0 0 0 0 0 
0 0 0 0 0 0 0 0 0 205 0 0 0 0 0 0 0 0 0 0 0 0 0 0 0 0 0 0 0 0 0 0 0 0 0 0 0 0 0 0 0 0 0 0 0 0 0 0 0 0 0 578 0 0 0 0 0 615 0 0 0 0 645 0 645 0 645 0 645 0 645 0 645 0 645 0 645 0 0 0 0 0 0 0 0 0 
0 0 0 0 0 0 0 0 0 0 0 0 0 0 0 0 0 0 0 0 0 0 0 0 0 0 0 0 0 0 0 0 0 0 650 0 0 0 0 0 0 0 0 0 0 0 0 0 0 0 0 578 645 0 0 645 0 0 0 0 0 0 0 645 0 645 0 645 0 645 0 645 0 645 0 645 0 645 0 0 0 0 0 0 0 0 
0 0 0 0 0 0 0 0 0 0 0 0 0 0 0 0 0 0 0 0 0 0 0 0 0 0 0 0 0 0 0 0 0 0 0 0 650 650 0 0 0 0 0 0 0 0 0 0 0 0 0 578 650 0 645 0 650 0 0 615 0 0 0 0 645 0 645 0 645 0 0 0 645 0 645 0 645 0 0 0 0 0 0 0 0 0 
0 0 0 0 0 0 0 0 0 0 655 0 0 0 0 0 0 0 0 0 0 0 0 0 0 0 0 0 0 0 0 0 0 650 0 0 0 0 0 0 345 346 347 0 0 0 0 0 0 0 1367 578 0 0 0 0 650 0 0 0 0 528 0 0 0 0 0 0 0 0 645 0 0 645 0 645 0 645 0 0 0 0 0 0 0 0 
0 0 0 0 0 0 0 0 0 0 0 0 650 0 0 0 650 0 0 0 650 0 0 0 0 0 0 0 0 0 0 0 0 0 0 0 650 0 345 346 343 460 461 0 0 0 0 0 0 0 521 577 650 0 0 0 0 0 0 615 0 0 0 0 0 0 0 0 0 528 0 645 0 0 645 0 0 0 0 0 0 0 0 0 0 0 
0 0 0 0 0 0 0 0 0 0 0 0 0 0 0 0 0 0 0 0 0 0 0 650 0 0 650 0 0 655 0 0 0 0 0 650 0 0 459 460 461 0 0 0 0 0 0 0 0 0 578 0 0 0 0 645 0 645 0 0 0 0 0 0 0 0 0 0 0 0 0 0 645 0 0 645 0 645 0 0 0 1025 1139 0 0 0 
0 0 0 0 0 0 0 0 0 0 0 0 0 0 0 0 0 650 0 0 0 0 650 0 0 0 0 0 0 0 0 0 0 0 0 0 0 650 0 0 0 0 0 0 545 0 0 0 0 0 578 0 0 0 0 0 0 0 0 0 0 615 0 1413 0 0 0 528 0 0 0 0 0 645 0 0 0 0 0 0 0 0 0 0 0 0 
0 0 0 0 0 0 0 0 0 0 0 0 0 655 0 650 0 0 0 0 0 0 0 0 0 0 0 0 0 0 655 0 0 0 0 0 0 0 0 0 0 0 0 0 0 542 0 0 0 521 577 0 645 0 646 646 646 0 528 0 0 0 615 0 0 0 0 1413 0 674 675 0 528 0 0 645 0 0 0 0 0 0 1253 0 0 0 
0 0 0 0 0 0 0 0 0 0 0 0 0 0 0 0 650 0 0 0 0 0 0 0 0 0 0 0 0 0 0 0 0 0 0 0 0 0 0 0 0 0 0 0 0 0 0 0 795 578 1377 1377 1377 1377 1377 1377 1377 1377 1377 1377 1377 1377 0 0 0 0 0 0 0 0 0 0 0 0 0 0 616 0 0 0 0 0 1253 0 0 0 
0 0 0 0 0 0 0 0 0 0 0 0 0 0 0 0 0 0 0 655 0 0 0 0 0 0 0 0 0 0 0 0 0 655 0 0 0 0 0 650 545 0 0 0 651 0 545 0 0 635 520 0 0 0 0 593 0 0 0 0 0 0 0 615 0 0 0 528 0 0 0 528 0 614 614 671 0 0 0 1025 0 0 0 0 0 0 
0 0 0 0 0 0 0 0 0 0 0 0 0 0 0 0 0 0 0 0 0 0 0 0 0 0 0 417 0 0 0 0 0 0 0 0 0 545 0 0 0 0 0 545 0 543 0 0 0 0 578 0 0 0 0 0 0 0 0 650 0 0 0 0 0 536 0 0 0 0 0 0 0 0 0 0 0 616 0 0 0 0 0 0 0 0 
0 0 0 0 0 0 0 0 0 0 0 593 0 0 0 0 0 0 0 0 0 0 0 0 0 0 0 477 676 677 448 0 0 0 0 542 0 544 543 0 0 0 0 0 0 0 0 542 0 0 578 0 0 0 646 0 645 0 0 0 0 0 0 0 615 0 536 0 536 0 0 0 1070 1070 1070 1070 1070 1070 0 0 0 0 0 0 0 0 
0 0 0 0 0 0 0 0 0 593 0 0 650 0 0 650 0 0 0 593 0 0 0 0 593 0 0 0 0 472 0 0 0 0 0 0 0 0 0 0 651 0 0 0 543 0 0 0 0 0 578 0 536 0 0 0 650 0 645 0 645 0 0 0 0 615 0 0 0 674 675 0 0 616 0 0 0 0 0 0 1139 0 0 0 0 0 
0 0 0 0 0 0 0 0 0 0 0 0 0 0 0 0 0 0 0 0 0 650 0 0 0 0 0 0 650 0 0 0 0 0 544 0 543 0 0 0 0 0 0 0 0 0 0 0 0 0 578 0 0 0 0 0 0 0 0 0 536 650 0 0 0 0 0 528 0 0 0 0 528 0 0 0 0 0 0 0 0 0 0 0 0 0 
0 0 0 0 0 0 0 0 0 0 0 0 0 0 0 0 0 0 0 650 0 0 0 0 0 0 0 650 0 0 0 0 0 0 650 0 0 0 0 0 0 543 0 0 0 0 0 0 0 0 578 0 0 0 0 0 0 0 0 0 0 0 528 0 0 615 0 0 0 534 0 0 20 0 0 674 675 0 0 0 0 0 0 0 0 0 
0 0 0 0 0 0 0 0 0 0 0 0 0 0 0 0 0 0 0 0 0 0 593 0 0 0 0 650 0 0 0 0 0 0 0 0 0 0 0 0 0 0 0 597 542 0 545 0 0 0 578 0 646 0 0 0 645 655 0 0 0 0 0 0 0 0 615 0 0 0 0 0 0 0 0 0 0 0 0 0 0 0 1253 0 0 0 
0 0 0 0 0 0 0 0 0 0 0 0 0 0 0 0 0 955 0 0 0 0 0 0 1139 0 0 0 0 0 0 0 545 543 543 0 0 651 0 0 0 0 0 0 0 0 0 0 0 0 578 0 0 0 645 650 0 0 0 0 0 646 623 0 0 0 0 0 0 0 615 0 0 0 534 0 528 0 0 0 0 0 0 0 0 0 
0 0 0 0 0 0 0 0 0 0 0 0 0 0 0 613 613 0 0 0 650 593 0 0 0 0 0 0 650 0 544 0 0 0 0 0 0 0 0 0 0 542 542 0 0 543 0 542 0 0 578 0 0 0 0 650 417 0 0 417 0 0 680 0 646 0 0 0 0 0 0 0 615 0 0 0 0 205 0 0 0 0 0 0 0 0 
0 0 0 0 0 0 0 0 0 0 0 0 0 0 0 0 687 688 689 0 0 0 0 0 0 0 1139 0 0 0 0 0 0 0 0 0 0 597 0 543 0 543 0 0 0 0 0 0 0 0 635 520 646 0 650 593 0 676 677 0 645 0 0 0 0 536 0 0 650 0 615 0 0 0 528 0 0 0 0 0 1025 0 0 0 0 0 
0 0 0 0 0 0 0 0 0 0 0 0 0 0 0 0 744 745 746 0 0 0 593 593 0 0 0 0 0 0 0 0 0 0 0 542 0 0 655 0 0 0 0 0 597 0 0 1252 0 909 966 578 520 0 0 0 0 471 0 0 0 593 0 536 645 0 0 0 0 0 0 0 0 0 615 0 0 0 0 0 0 0 0 0 0 0 
0 0 0 0 0 0 0 0 814 814 814 815 0 0 0 0 744 745 746 0 0 0 0 0 0 0 0 0 0 0 0 0 0 0 0 0 545 0 0 0 0 542 0 0 0 0 0 0 0 653 0 578 0 0 0 646 0 0 0 646 0 0 0 0 0 0 0 0 0 645 0 528 0 0 0 0 528 0 0 0 0 0 0 0 0 0 
0 0 0 0 0 0 0 0 814 814 814 815 0 0 0 0 744 745 746 0 0 0 0 655 0 0 0 0 0 0 0 0 0 0 543 0 0 542 0 543 0 0 0 0 0 0 651 599 0 0 0 578 645 0 0 0 0 0 655 0 0 0 0 0 0 0 0 0 593 0 0 0 536 0 615 0 615 0 0 0 0 1253 0 0 0 0 
0 0 0 0 0 0 0 0 814 814 814 815 0 0 0 0 744 745 746 0 0 593 0 655 0 0 0 0 0 0 0 0 0 0 596 0 0 543 0 0 0 543 0 0 544 0 656 0 0 0 1367 578 0 0 645 0 0 0 0 0 0 0 0 0 0 0 645 0 0 0 645 0 0 0 0 0 0 0 0 0 0 0 0 0 0 0 
0 0 0 0 0 0 0 0 814 814 814 815 0 0 0 0 744 745 746 0 1155 0 0 0 0 593 0 0 655 0 0 542 0 0 0 0 0 0 0 542 0 0 0 0 0 0 0 0 0 0 0 578 0 0 0 646 0 0 0 0 0 0 0 646 0 0 0 0 0 646 0 0 0 536 0 0 0 615 0 0 1025 0 0 0 0 0 
0 0 0 0 0 0 0 0 814 814 814 815 0 0 0 0 801 802 803 0 0 0 0 0 0 0 0 0 0 0 0 0 0 0 543 0 0 0 0 0 0 0 0 0 0 0 0 0 0 0 521 579 793 794 0 646 0 0 0 0 0 646 650 0 736 737 0 645 0 0 0 0 0 0 0 528 0 0 0 0 0 0 0 0 0 0 
0 0 0 0 0 0 0 0 814 814 814 815 0 0 0 0 0 0 0 0 0 0 0 0 0 0 0 0 0 0 0 0 0 0 0 0 0 0 0 0 0 0 0 0 0 738 795 795 795 852 1150 1150 1150 0 0 0 22 0 0 0 0 0 0 0 0 0 0 0 645 0 1359 1359 1359 1359 0 0 0 615 0 0 0 0 1138 0 0 0 
0 0 0 0 0 0 0 0 874 874 874 875 0 0 0 0 687 688 689 0 0 0 0 0 0 0 0 0 0 0 0 0 0 0 0 650 0 0 0 0 0 0 0 593 0 0 0 0 0 0 578 0 0 646 0 0 0 0 0 0 0 0 0 0 0 646 0 0 0 655 0 874 874 0 0 0 0 0 0 0 0 0 0 0 0 0 
0 0 0 0 0 0 0 0 869 869 869 872 0 0 955 0 801 802 803 0 0 0 0 0 644 0 0 644 0 650 0 650 644 0 530 650 0 0 644 0 650 0 0 0 1252 0 0 0 0 0 578 0 0 0 0 0 0 0 0 650 0 0 0 0 0 593 0 646 0 0 0 873 875 0 0 645 0 0 0 0 0 0 0 0 0 0 
0 0 0 0 0 0 0 0 0 0 0 0 0 0 613 613 613 0 0 0 1155 0 0 0 0 0 0 0 0 0 0 0 0 0 0 0 0 0 0 0 0 0 530 0 0 0 0 0 0 521 646 0 646 0 0 0 0 0 0 650 0 0 0 0 646 0 0 0 0 0 0 870 872 0 0 0 0 645 0 0 0 0 0 0 0 0 
0 0 0 0 0 0 0 0 0 0 0 0 0 174 175 176 0 0 650 0 0 0 0 0 0 644 0 0 644 0 0 0 0 644 0 0 644 0 530 0 644 0 0 0 0 653 0 1367 0 578 0 0 0 0 643 0 646 0 0 0 650 0 645 0 0 645 0 623 0 0 0 0 0 0 0 0 0 0 0 0 0 0 1253 0 0 0 
0 0 0 0 0 0 0 0 0 0 0 0 0 231 232 233 0 650 0 593 0 0 644 0 0 0 530 0 0 0 0 0 650 0 0 0 0 0 0 0 0 0 0 0 0 0 0 0 521 577 593 0 532 0 0 0 0 0 0 0 0 650 0 0 0 0 0 0 0 0 0 0 0 0 0 0 0 646 0 0 0 0 0 0 0 0 
0 0 0 0 0 0 0 0 0 0 0 0 0 288 289 290 0 0 0 0 0 0 530 0 644 0 0 0 0 644 0 0 0 0 655 644 0 530 0 0 655 0 644 0 0 0 0 521 577 0 0 0 593 0 0 646 0 0 0 646 0 0 0 650 0 0 0 0 0 0 646 0 532 593 0 0 0 0 0 0 0 0 0 0 0 0 
0 0 0 0 0 0 0 0 0 0 0 0 0 0 0 0 0 0 593 0 0 0 0 0 0 0 0 644 0 650 0 0 644 0 0 0 0 0 644 0 0 0 0 0 1253 0 0 635 0 676 677 0 0 0 0 0 0 0 0 0 0 0 0 0 0 646 0 0 0 0 0 0 0 0 1417 0 0 0 0 0 0 0 0 0 0 0 
0 0 0 0 0 0 0 0 0 0 0 0 0 0 0 0 650 0 0 0 644 0 0 0 530 0 0 650 0 0 0 650 0 0 650 0 0 0 0 0 0 0 0 0 0 0 0 0 578 541 0 470 0 0 643 0 646 0 0 0 0 0 0 0 0 650 0 0 0 0 0 0 0 0 0 0 0 0 0 0 0 0 0 0 0 0 
0 0 0 0 0 0 0 0 0 0 0 0 0 0 0 0 0 655 0 0 0 0 644 0 0 644 0 0 0 530 0 0 0 0 644 0 644 0 593 0 655 644 0 0 0 0 0 0 635 520 533 0 0 0 0 0 0 0 0 0 0 0 0 0 0 0 0 0 0 646 0 0 0 0 0 0 159 0 0 0 0 0 0 0 0 0 
0 0 0 0 0 0 0 0 644 0 644 0 0 655 0 0 0 0 0 0 0 0 0 0 0 650 0 644 0 0 0 655 0 0 0 0 0 0 0 0 0 0 0 0 0 0 0 0 0 578 0 0 0 646 0 0 0 0 0 0 0 0 0 0 0 0 0 0 0 0 0 0 0 646 0 0 216 0 0 0 0 0 0 0 0 0 
0 0 0 0 0 0 0 0 0 644 0 644 0 0 0 0 644 0 0 0 0 655 0 0 0 0 0 0 650 0 0 0 0 0 0 0 593 0 644 0 0 0 0 0 0 0 0 1368 0 578 0 643 0 650 0 0 0 0 0 0 1359 1359 1359 1359 1359 0 0 0 0 0 0 0 0 0 0 0 0 0 0 0 1025 0 0 0 0 0 
0 0 0 0 0 0 0 0 0 0 644 0 644 0 644 0 0 0 644 0 644 0 0 644 0 0 0 655 0 0 0 0 644 0 655 644 0 0 0 593 644 0 0 0 0 0 0 0 521 577 0 0 0 0 0 646 0 0 0 0 1363 874 874 874 1362 646 0 0 0 0 0 0 0 0 0 880 881 882 0 0 0 0 0 0 0 0 
0 0 0 0 0 0 0 0 0 644 0 644 0 644 0 0 644 0 0 0 0 0 0 0 0 644 0 0 0 644 0 644 0 0 0 0 0 0 0 0 0 0 1309 0 0 0 0 0 578 0 0 0 650 0 0 0 0 0 0 0 1363 873 874 875 1362 0 1035 0 0 0 0 0 0 0 0 877 876 879 0 0 0 0 1253 0 0 0 
0 0 0 0 0 0 0 0 644 0 0 0 0 0 0 0 0 0 471 0 0 0 0 0 595 0 644 0 0 0 0 0 0 0 644 0 644 0 644 0 0 644 0 0 653 0 0 599 578 0 643 0 0 646 0 0 0 0 646 0 1363 870 869 872 1362 1035 0 0 0 0 0 0 0 0 1363 0 0 0 0 0 1138 0 0 0 0 0 
0 0 0 0 0 0 0 0 0 0 0 0 644 0 644 0 0 0 0 0 0 415 0 655 0 0 0 0 644 0 0 0 644 0 0 0 0 0 0 0 0 0 0 0 0 0 0 599 578 0 0 0 0 0 0 646 0 0 0 0 0 0 0 0 0 0 0 0 0 0 0 0 0 0 0 0 0 0 0 0 0 0 0 0 0 0 
0 0 0 0 0 0 0 0 0 0 0 0 0 0 0 0 0 541 0 674 675 612 0 0 471 0 0 644 0 644 0 0 0 0 644 1359 1359 1359 1359 1359 1359 1359 0 0 0 0 0 0 578 0 0 0 646 0 650 0 646 0 0 0 650 0 0 646 0 0 0 0 0 650 0 0 0 0 0 0 0 0 0 0 0 0 0 0 0 0 
0 0 0 0 0 0 0 0 0 0 0 0 0 644 0 0 0 598 0 0 0 0 595 0 0 415 0 0 0 0 0 644 0 0 0 0 0 0 0 0 0 0 0 0 0 0 0 1366 578 0 643 0 0 0 0 0 0 0 0 0 0 0 0 0 0 0 0 0 0 0 0 0 0 0 0 0 1137 0 0 0 0 0 0 0 0 0 
0 0 0 0 0 0 0 0 205 0 0 0 0 0 0 0 0 595 0 736 737 0 0 674 675 612 0 0 0 0 0 0 0 644 0 0 0 0 0 0 0 0 0 1423 0 1025 0 0 578 0 0 650 0 0 650 0 0 0 0 646 0 0 0 0 0 0 0 0 0 0 0 0 0 0 0 0 0 1137 0 0 0 0 1025 0 0 0 
0 0 0 0 0 0 0 0 0 0 0 0 0 0 0 0 0 0 0 0 0 471 0 567 0 0 0 0 0 0 0 0 644 0 0 0 0 0 0 0 0 0 0 0 0 0 0 0 578 0 0 0 0 0 0 646 0 646 0 650 532 0 0 0 0 0 0 0 0 0 0 0 0 1137 0 1137 0 0 0 0 0 0 0 0 0 0 
0 0 0 0 0 0 0 0 0 0 0 0 0 0 0 0 0 0 0 0 0 0 0 0 0 0 0 0 0 0 644 0 0 0 644 0 0 0 0 0 0 0 0 0 0 0 1367 0 578 0 643 0 0 0 0 650 0 0 0 0 0 0 0 0 0 0 0 0 0 0 0 0 0 0 0 0 0 0 0 0 0 0 0 0 0 0 
0 0 0 0 0 0 0 0 0 0 0 0 0 0 0 0 0 0 0 0 0 0 0 0 0 0 0 0 0 0 0 0 0 644 0 0 0 0 0 0 0 0 0 1423 0 0 0 0 578 0 0 593 0 0 0 650 532 650 0 0 0 0 0 0 0 0 0 0 0 0 0 0 0 0 0 1194 0 0 0 0 0 0 1253 0 0 0 
0 0 0 0 0 0 0 0 0 0 0 0 0 0 0 0 0 0 0 0 0 0 0 0 0 0 0 0 0 0 0 0 0 0 0 0 0 0 0 0 0 0 738 795 795 795 795 795 1150 593 0 0 0 646 0 0 0 650 0 0 0 0 0 0 0 0 0 0 0 0 0 0 0 0 0 0 0 1251 0 0 0 0 0 0 0 0 
0 0 0 0 0 0 0 0 0 0 0 0 0 0 0 0 0 0 0 0 0 0 0 0 0 0 0 0 0 0 0 0 0 0 0 0 0 0 0 0 0 0 0 0 0 0 0 0 578 0 0 646 0 0 532 650 0 0 0 0 0 0 0 0 0 0 0 0 0 0 0 0 0 0 0 0 0 0 0 0 0 0 0 1138 0 0 
0 0 0 0 0 0 0 0 0 0 0 0 0 0 0 0 0 0 0 0 0 0 0 0 0 0 0 0 0 0 0 0 0 0 0 0 0 0 205 0 0 0 1023 995 0 0 0 1368 578 532 0 0 0 0 0 0 0 0 0 0 0 0 0 0 0 0 0 0 0 0 0 0 0 0 0 674 675 205 0 0 0 0 0 0 0 0 
0 0 0 0 0 0 0 0 0 0 0 0 0 0 0 0 0 0 0 0 0 0 0 0 0 0 0 0 0 0 0 0 0 0 0 0 0 0 0 0 0 0 994 995 995 995 995 996 0 0 0 0 0 0 0 0 0 0 0 0 0 0 0 0 0 0 0 0 0 0 0 0 0 0 0 0 0 0 0 0 0 1025 0 0 0 0 
0 0 0 0 0 0 0 0 0 0 0 0 0 0 0 0 0 0 0 0 0 0 0 0 0 0 0 0 0 0 0 0 0 0 0 0 0 0 0 0 0 0 0 0 0 0 0 0 0 0 0 0 0 0 0 0 0 0 0 0 0 0 0 0 0 0 0 0 0 0 0 0 0 0 0 0 0 0 0 0 0 0 0 0 0 0 
0 0 0 0 0 0 0 0 0 0 0 0 0 0 0 0 0 0 0 0 0 0 0 0 0 0 0 0 0 0 0 0 0 0 0 0 0 0 0 0 0 0 0 0 0 1025 0 0 0 0 0 0 0 0 0 0 0 0 0 0 0 0 0 0 0 0 0 0 0 0 0 0 0 0 0 0 0 0 0 0 0 0 0 0 0 0 
0 0 0 0 0 0 0 0 0 0 0 0 0 0 0 0 0 0 0 0 0 0 0 0 0 0 0 0 0 0 0 0 0 0 0 0 0 0 0 0 0 0 0 0 0 0 0 0 0 0 0 0 0 0 0 0 0 0 0 0 0 0 0 0 0 0 0 0 0 0 0 0 0 0 0 0 0 0 0 0 0 0 0 0 0 0 
0 0 0 0 0 0 0 0 0 0 0 0 0 0 0 0 0 0 0 0 0 0 0 0 0 0 0 0 0 0 0 0 0 0 0 0 0 0 0 0 0 0 0 0 0 1025 0 0 0 0 0 0 0 0 0 0 0 0 0 0 0 0 0 0 0 0 0 0 0 0 0 0 0 0 0 0 0 0 0 0 0 0 1253 0 0 0 
0 0 0 0 0 0 0 0 0 0 0 0 0 0 0 0 0 0 0 0 0 0 0 0 0 0 0 0 0 0 0 0 0 0 0 0 0 0 0 0 0 0 0 1025 0 0 0 0 0 0 0 0 0 0 0 0 0 0 0 0 0 0 0 0 0 0 0 0 0 0 0 0 0 0 0 0 0 0 0 0 0 0 0 0 0 0 
0 0 0 0 0 0 0 0 0 0 0 0 0 0 0 0 0 0 0 0 0 0 0 0 0 0 0 0 0 0 0 0 0 0 0 0 0 0 0 0 1025 0 0 0 0 0 0 0 1025 0 0 0 0 0 0 0 0 0 0 0 0 0 0 0 0 0 0 0 0 0 0 0 0 0 0 0 0 0 0 0 0 1138 0 0 0 0 
0 0 0 0 0 0 0 0 0 0 0 0 0 0 0 0 0 0 0 0 0 0 0 0 0 0 0 0 0 0 0 0 0 0 0 0 0 0 0 0 0 0 0 0 0 0 0 0 0 0 0 0 0 0 0 0 0 0 0 0 0 0 0 0 0 0 0 0 0 0 0 0 0 0 0 0 0 0 0 0 0 0 0 0 0 0

-
0 0 587 587 0 587 587 587 0 587 0 0 0 0 587 587 0 0 587 0 587 0 0 587 587 587 0 587 587 587 587 0 587 0 0 0 587 587 587 0 587 0 587 0 0 0 0 587 0 587 0 0 0 0 0 0 0 0 0 0 0 587 0 0 0 587 587 0 587 587 0 0 587 0 0 587 0 587 0 0 0 587 0 0 0 0 
0 0 0 0 587 0 587 587 0 587 0 0 587 0 587 0 587 587 0 0 587 0 587 0 0 0 587 587 0 0 0 0 0 0 587 0 0 0 0 0 587 587 587 0 587 587 0 0 0 587 0 0 0 0 0 0 0 0 0 0 0 587 587 0 587 0 0 0 587 0 587 587 0 587 0 0 0 0 587 0 587 0 0 0 0 0 
0 0 0 587 0 587 587 587 0 0 0 587 0 0 587 0 0 0 587 0 0 0 0 587 0 587 587 0 587 0 0 587 0 587 0 587 0 587 587 0 587 0 587 587 0 0 0 587 587 0 0 0 0 0 0 0 587 0 587 587 0 0 0 0 587 587 0 587 587 587 0 0 587 0 0 0 0 587 0 0 0 0 0 0 0 0 
0 0 0 587 587 0 0 0 587 0 587 0 587 0 0 587 587 587 0 0 587 587 0 0 0 587 0 0 0 587 587 0 0 0 0 587 587 587 587 587 587 587 0 587 0 587 0 587 0 0 0 0 0 0 0 587 0 587 0 587 0 587 587 587 587 0 0 587 0 0 587 0 587 587 0 587 0 0 0 587 0 0 0 0 0 0 
0 0 0 0 0 587 0 587 0 0 0 587 587 0 587 0 587 0 587 0 587 587 587 0 587 587 0 587 0 0 0 0 587 587 0 587 0 0 587 0 587 587 0 587 587 0 587 587 0 0 0 0 587 587 0 587 587 0 587 0 0 587 587 587 587 0 587 0 587 0 587 587 0 0 0 0 587 0 0 0 0 0 0 0 0 0 
0 0 587 587 0 587 0 0 0 587 0 0 0 0 0 0 0 0 0 0 0 0 587 0 0 0 0 0 0 0 0 0 0 0 587 0 0 0 0 587 0 0 0 0 0 0 0 0 0 0 0 587 0 587 0 0 587 587 0 587 0 0 0 0 587 0 0 0 0 0 0 0 0 587 0 0 0 0 0 587 0 0 0 0 0 0 
0 0 0 587 587 0 0 0 587 587 587 587 587 587 587 587 587 587 587 587 587 587 587 587 587 587 587 587 587 587 587 587 587 587 587 587 587 587 587 587 587 587 587 587 587 587 587 587 0 0 0 587 587 587 587 587 587 587 587 587 587 587 587 587 587 587 587 587 587 587 587 587 587 587 587 587 587 587 587 0 0 0 0 0 0 0 
0 0 0 0 0 0 587 823 824 824 824 824 824 824 824 824 824 824 824 824 824 824 824 824 824 824 824 824 824 824 824 824 824 824 824 824 824 824 824 824 824 824 824 824 824 824 824 824 824 824 824 824 824 824 824 824 824 824 824 824 824 824 824 824 824 824 824 824 824 824 824 824 824 824 824 824 824 824 825 0 587 0 0 0 0 0 
0 0 587 0 587 587 0 0 584 0 584 0 584 0 584 0 584 0 584 0 584 0 584 0 0 584 0 0 584 0 584 0 0 0 584 0 0 0 0 584 0 0 0 584 0 0 0 0 994 995 996 0 0 0 0 0 0 0 0 0 0 0 588 0 588 0 588 0 588 0 588 0 588 0 588 0 588 0 0 0 0 0 0 0 0 0 
0 0 587 0 0 587 587 0 0 0 0 584 0 584 0 584 0 584 0 584 0 584 0 584 0 0 584 0 0 584 0 0 584 0 0 0 0 584 0 0 0 584 0 0 0 0 0 0 0 0 0 0 588 0 0 588 0 0 0 0 536 0 0 588 0 588 0 588 0 588 0 588 0 588 0 588 0 588 0 0 0 0 0 0 0 0 
0 0 0 0 587 0 0 0 0 0 0 0 584 0 584 0 584 0 584 0 584 0 584 0 584 0 0 584 0 0 0 0 0 0 0 584 0 0 0 0 0 0 0 0 0 584 0 584 0 0 0 0 0 0 588 0 0 0 0 0 0 0 0 0 588 0 588 0 588 0 0 0 588 0 588 0 588 0 0 587 0 0 0 0 0 0 
0 0 587 587 587 0 587 0 584 0 0 0 0 584 0 0 0 584 0 584 0 584 0 584 0 584 0 0 0 0 0 584 0 0 0 0 0 0 0 0 0 0 0 0 0 0 0 0 0 1253 0 0 0 0 0 0 0 0 0 0 0 0 0 0 0 0 0 0 0 0 588 0 0 588 0 588 0 588 0 0 0 0 0 0 0 0 
0 0 0 0 0 587 0 0 0 0 0 0 0 0 0 0 0 0 0 0 0 0 0 0 584 0 0 584 0 0 584 0 0 0 0 584 0 0 0 0 0 0 0 0 0 584 0 0 0 0 0 0 0 0 0 0 0 0 0 0 0 0 0 0 0 0 0 0 0 0 0 588 0 0 588 0 0 0 0 0 0 0 0 0 0 0 
0 0 587 587 0 0 0 0 0 0 0 0 0 0 0 0 0 0 584 0 0 584 0 0 0 584 0 0 0 0 0 0 0 584 0 0 0 0 0 0 0 0 0 584 0 0 0 0 0 0 0 0 0 585 0 588 0 588 0 0 0 0 0 655 0 0 0 655 0 0 0 0 588 0 0 588 0 588 0 0 0 0 0 0 0 0 
0 0 0 0 587 587 0 0 0 584 0 0 0 0 0 584 0 0 0 0 0 0 0 0 0 0 0 0 0 0 0 0 0 0 0 0 0 0 0 0 0 584 0 0 0 0 584 0 0 0 850 851 0 0 0 0 0 0 0 0 0 0 0 0 0 536 0 0 0 0 0 0 0 588 0 0 0 0 0 0 0 0 0 0 0 0 
0 0 0 0 0 0 0 0 0 0 0 0 0 0 0 0 0 0 0 584 0 0 0 0 584 0 0 0 584 0 0 0 584 0 0 0 0 0 0 0 0 0 0 584 0 0 0 0 0 0 0 0 588 0 589 589 589 0 0 0 0 0 0 0 0 0 0 0 0 617 618 0 0 0 0 588 0 0 0 587 0 0 0 0 0 0 
0 0 0 587 0 587 587 0 0 584 0 584 0 0 0 0 0 584 0 0 0 584 0 0 0 0 584 0 0 0 0 0 0 0 0 584 0 0 0 584 0 0 0 0 0 0 0 0 1359 0 0 0 0 0 0 0 0 0 0 0 0 0 0 0 0 0 0 0 0 0 0 0 0 0 0 0 0 0 0 0 0 0 0 0 0 0 
0 0 0 587 0 0 0 0 0 0 0 0 0 0 0 0 0 0 0 0 0 0 0 584 0 0 0 0 0 0 0 0 0 0 0 0 0 584 0 0 0 0 0 0 594 0 0 0 1359 0 0 0 0 0 0 0 0 0 0 0 0 0 0 0 0 0 0 0 0 0 0 0 0 0 0 0 0 0 0 0 0 0 0 0 0 0 
0 0 587 587 0 587 0 0 0 0 584 0 0 584 0 0 0 0 0 0 0 0 0 0 0 0 0 0 0 0 0 0 0 0 0 0 0 0 0 0 0 0 0 0 0 0 0 0 0 0 0 0 585 0 0 0 0 0 0 0 0 0 0 0 0 0 0 0 536 0 0 0 0 0 0 0 0 0 0 0 0 0 0 0 0 0 
0 0 0 0 587 587 587 0 584 0 0 0 0 0 0 0 0 0 584 0 0 0 0 0 0 0 0 0 619 620 0 0 0 0 584 0 0 0 0 0 0 0 0 0 0 0 0 0 0 0 0 0 0 0 589 0 588 0 0 0 0 0 0 0 0 0 0 0 0 0 0 0 0 0 0 0 0 0 0 0 0 0 0 0 0 0 
0 0 0 0 0 0 0 0 0 0 0 0 0 0 0 0 0 0 0 0 0 0 584 0 0 0 0 0 0 0 0 0 0 0 0 0 0 0 0 0 594 0 0 0 0 0 0 0 0 1253 0 0 0 0 0 0 0 0 588 0 588 0 0 0 0 0 0 0 0 617 618 0 1247 0 0 0 0 0 0 0 0 0 0 0 0 0 
0 0 0 587 587 0 0 0 0 0 0 0 0 0 0 0 0 0 0 0 0 0 0 0 0 0 0 0 0 0 0 0 0 0 0 0 0 0 0 0 0 0 584 0 0 0 584 0 0 0 0 0 0 0 0 0 0 0 0 0 0 0 0 0 0 0 0 0 0 0 0 0 0 0 0 0 0 0 0 0 0 0 0 0 0 0 
0 0 587 0 587 587 0 0 0 0 0 0 0 0 0 0 0 0 0 0 0 0 0 0 0 584 0 0 0 0 0 0 584 0 0 0 0 0 0 0 0 0 0 0 0 0 0 0 0 0 0 0 0 0 585 0 0 1195 0 0 0 0 0 0 0 0 0 0 0 0 0 0 0 0 0 617 618 0 0 0 0 0 0 0 0 0 
0 0 0 587 0 587 0 0 0 1252 0 0 1252 0 0 0 0 0 0 0 0 0 0 0 0 0 0 0 0 584 0 0 0 0 0 584 0 0 0 0 0 0 0 0 0 0 0 0 0 0 0 0 589 0 0 0 588 0 0 585 0 0 0 0 0 0 0 0 0 0 0 0 0 0 0 0 0 0 0 0 0 0 0 0 0 0 
0 0 587 0 0 0 0 0 0 0 0 0 0 0 0 0 0 0 0 0 0 0 0 0 0 0 0 0 0 0 0 0 0 0 0 0 0 594 0 0 584 0 0 0 0 0 0 0 1253 0 0 585 0 0 588 0 0 0 0 0 0 589 0 0 0 0 0 0 0 0 0 0 0 0 528 0 0 0 0 0 0 0 0 0 0 0 
0 0 0 587 587 0 587 0 0 0 1252 0 0 1252 0 0 0 0 0 0 0 0 0 0 0 0 0 0 0 0 0 0 0 0 0 0 0 0 0 0 0 0 0 0 0 0 0 0 0 0 0 0 0 0 0 0 0 0 0 0 0 0 0 0 589 0 0 22 0 0 0 0 0 0 0 0 0 0 0 0 0 0 0 0 0 0 
0 0 0 0 587 587 0 0 0 0 0 0 0 0 0 0 0 0 0 0 0 0 0 0 0 0 0 0 0 0 0 0 584 0 0 0 0 0 0 0 0 0 0 584 0 0 0 0 0 0 0 0 589 0 0 0 0 619 620 0 588 0 0 0 0 0 0 0 22 0 0 0 0 0 0 0 0 0 0 0 0 0 0 0 0 0 
0 0 587 0 0 587 587 0 0 0 0 0 1252 0 0 0 0 0 0 0 0 0 0 0 0 0 0 0 0 0 0 0 0 0 0 0 0 0 0 0 0 0 0 0 0 0 0 0 0 0 0 0 0 0 0 0 0 0 0 0 0 0 0 0 588 0 0 0 0 0 0 0 0 0 0 0 655 0 0 0 0 0 0 0 0 0 
0 0 0 0 0 587 0 0 814 814 814 815 225 0 0 0 0 0 0 0 0 0 0 0 0 0 0 0 0 0 584 0 0 0 0 0 0 0 0 0 0 0 0 0 0 0 0 0 0 0 0 0 0 1195 0 589 0 0 0 589 0 0 0 0 0 22 0 0 0 588 0 0 0 0 0 0 0 0 0 587 0 0 0 0 0 0 
0 0 0 587 587 0 0 0 0 0 0 0 225 0 0 0 0 0 0 0 0 0 0 0 0 0 0 0 0 0 0 0 0 0 0 0 0 0 0 0 0 0 0 0 0 0 594 0 0 0 0 0 588 0 0 0 0 0 0 0 0 0 0 22 0 22 0 0 0 0 0 0 0 0 0 0 0 0 0 0 0 0 0 0 0 0 
0 0 0 0 587 0 0 0 0 0 0 0 225 0 0 0 0 0 0 0 1154 0 0 0 0 0 0 0 0 0 584 0 0 0 0 0 0 0 0 0 0 0 584 0 0 0 0 0 0 0 0 0 0 0 588 0 585 0 0 0 0 22 0 22 0 0 588 0 0 0 588 0 0 0 0 0 0 0 0 0 0 0 0 0 0 0 
0 0 587 0 587 0 0 0 0 0 0 0 225 0 0 0 0 0 0 0 1098 0 0 0 0 0 0 0 0 0 0 0 0 0 0 0 0 0 0 0 0 0 0 0 0 0 0 0 0 0 0 0 0 0 0 589 0 0 22 0 22 0 0 589 0 0 0 0 0 589 0 0 0 0 0 0 0 0 0 0 0 0 0 0 0 0 
0 0 0 587 0 587 587 0 0 0 0 0 225 0 0 0 0 0 0 0 0 0 0 0 0 0 0 0 0 0 0 0 0 0 0 0 584 0 0 0 0 0 0 0 0 0 0 0 0 0 0 0 0 0 0 589 0 22 0 22 0 589 0 0 0 0 0 588 0 0 0 585 0 0 0 0 0 0 0 0 0 0 0 0 0 0 
0 0 0 0 587 587 587 0 0 0 0 0 225 0 0 0 0 0 0 0 0 417 1417 1422 1422 1422 1422 1422 1422 1418 0 0 0 0 0 0 0 0 0 494 494 494 0 1417 1422 1422 1422 1422 1422 1422 1422 1418 0 0 0 0 0 0 0 0 0 0 0 0 0 0 0 0 588 0 0 0 0 0 0 0 0 0 0 587 0 0 0 0 0 0 
0 0 587 587 587 587 0 0 0 0 0 0 225 0 0 0 0 0 0 0 0 0 1417 1422 1422 1422 1422 1422 1422 1418 0 0 0 0 0 0 0 0 0 494 494 494 0 1417 1422 1422 1422 1422 1422 1422 1422 1418 0 589 0 0 0 0 0 0 0 0 0 0 0 589 0 0 0 0 1363 1218 1219 1362 0 0 0 0 0 0 0 0 0 0 0 0 
0 0 0 0 0 587 0 0 103 223 105 0 0 0 0 0 0 0 0 0 1154 417 0 0 587 0 0 587 0 0 0 0 587 0 0 0 0 0 587 0 0 0 0 0 0 0 0 0 0 0 0 0 0 0 0 0 0 1362 0 0 0 585 0 1195 0 0 1195 589 0 0 1363 1332 1333 1362 0 588 0 0 0 0 587 0 0 0 0 0 
0 0 0 587 0 587 0 0 0 0 0 0 1252 0 0 0 0 0 0 0 1098 0 0 0 0 0 0 0 0 0 0 0 0 0 0 0 0 0 0 0 0 0 0 0 0 0 0 0 0 0 589 0 589 0 0 0 0 1362 0 0 0 0 0 0 589 0 0 0 0 534 1363 110 270 1362 0 0 0 588 0 0 0 0 0 0 0 0 
0 0 0 587 0 587 0 0 0 0 0 0 0 0 0 0 0 0 0 0 0 0 0 0 0 587 0 0 587 0 0 0 0 587 0 0 587 0 0 0 587 0 0 0 0 0 0 0 0 0 0 0 0 0 586 0 589 1362 0 0 0 0 588 0 0 588 0 0 0 534 1363 208 0 1362 0 0 0 0 0 587 0 0 0 0 0 0 
0 0 587 0 0 587 0 0 0 1252 0 0 0 0 0 0 0 0 0 0 0 0 587 0 0 0 0 0 0 0 0 0 0 0 0 0 0 0 0 0 0 0 0 0 0 0 0 0 0 0 0 0 0 0 0 0 0 1362 0 0 0 0 0 0 0 0 0 0 0 0 1360 1365 1365 1361 0 585 0 589 0 0 0 0 0 0 0 0 
0 0 0 0 587 587 0 0 0 0 0 0 0 0 0 0 0 0 0 0 0 0 0 0 587 0 0 0 0 587 0 0 0 0 0 587 0 0 0 0 0 0 587 0 0 0 0 0 0 0 0 0 0 0 0 589 0 1362 0 589 0 0 0 585 0 0 0 0 0 0 589 0 0 0 0 0 0 0 0 0 0 0 0 0 0 0 
0 0 587 0 0 587 0 0 0 0 1252 0 0 0 0 0 0 0 0 0 0 0 0 0 0 0 0 587 0 0 0 0 587 0 0 0 0 0 587 0 0 0 0 0 0 0 0 0 0 619 620 0 0 0 0 0 0 1362 0 0 0 0 0 0 0 589 0 0 0 0 0 0 0 0 0 0 0 0 0 0 587 0 0 0 0 0 
0 0 0 587 0 0 0 0 1252 0 0 0 1252 0 0 0 0 0 0 0 587 0 0 0 0 0 0 0 0 0 0 0 0 0 0 0 0 0 0 0 0 0 0 0 0 0 0 0 0 0 0 0 0 0 586 0 589 1362 0 0 0 0 0 0 0 0 0 0 0 0 0 1195 0 0 0 823 824 825 0 0 0 0 0 0 0 0 
0 0 0 0 0 587 587 0 0 0 0 0 0 0 0 0 0 0 0 0 0 0 587 0 0 587 0 0 0 0 0 0 0 0 587 0 587 0 0 0 0 587 0 0 0 0 0 0 0 0 0 0 0 0 0 0 0 1362 0 0 0 0 0 0 0 0 0 0 0 589 0 585 0 0 1363 0 0 0 0 587 0 0 0 0 0 0 
0 0 587 587 587 587 0 0 587 0 587 0 0 0 0 0 0 0 0 0 0 0 0 0 0 0 0 587 0 0 0 0 0 0 0 0 0 0 0 0 0 0 0 0 0 0 0 0 0 0 0 0 0 589 0 0 0 1362 0 0 0 0 0 0 0 0 0 0 0 0 0 0 0 589 1363 0 0 0 0 0 0 0 0 0 0 0 
0 0 0 0 0 587 0 0 0 587 0 587 0 0 0 0 587 0 0 0 0 0 0 0 0 0 0 0 0 0 0 0 0 0 0 0 0 0 587 0 0 0 0 0 0 0 0 0 0 0 0 586 0 0 0 0 0 1362 0 0 0 0 0 0 0 0 0 0 0 0 0 0 0 0 1363 0 0 0 0 0 0 0 0 0 0 0 
0 0 587 0 587 0 0 0 0 0 587 0 587 0 587 0 0 0 587 0 587 0 0 587 0 0 0 0 0 0 0 0 587 0 0 587 0 0 0 0 587 0 0 0 0 0 0 0 0 0 0 0 0 0 0 589 0 1362 0 0 0 0 874 0 0 589 0 22 22 22 22 22 22 22 1363 0 0 0 0 0 0 0 0 0 0 0 
0 0 0 0 587 0 0 0 0 587 0 587 0 587 0 0 587 0 0 0 0 0 0 0 0 587 0 0 0 587 0 587 0 0 0 0 0 0 0 0 0 0 0 0 0 0 0 0 0 0 0 0 0 0 0 0 0 1362 0 0 0 1332 51 1333 0 0 0 0 0 0 0 0 0 0 1363 0 0 0 0 0 0 0 0 0 0 0 
0 0 587 0 587 587 0 0 587 0 0 0 0 0 0 0 0 0 0 0 0 0 0 0 0 0 587 0 0 0 0 0 0 0 587 0 587 0 587 0 0 587 0 0 0 0 0 0 0 0 586 0 0 589 0 0 0 1362 589 0 0 103 165 0 650 0 0 0 22 22 22 22 22 22 1363 0 206 0 0 587 0 0 0 0 0 0 
0 0 0 587 587 0 587 0 0 0 0 0 587 0 587 0 0 0 0 0 0 0 0 0 0 0 0 0 587 0 0 0 587 0 0 0 0 0 0 0 0 0 0 0 0 0 0 0 594 0 0 0 0 0 0 589 0 0 0 0 1359 1359 207 1359 1359 0 0 0 0 593 529 0 593 0 1417 1422 1422 1422 0 0 0 0 0 0 0 0 
0 0 0 587 0 587 0 0 0 587 0 0 0 0 0 0 0 0 0 617 618 0 0 0 0 0 0 587 0 587 0 0 0 0 587 587 587 587 587 587 587 587 0 0 0 0 0 0 651 0 0 0 589 0 0 0 589 0 0 0 0 0 0 589 0 0 0 0 0 0 0 650 0 0 0 593 0 0 0 0 0 0 0 0 0 0 
0 0 0 0 587 587 0 0 587 0 587 0 0 587 0 0 0 0 0 0 0 0 0 0 0 0 0 0 0 0 0 587 0 0 0 0 0 0 0 0 0 0 0 0 0 0 0 0 0 0 586 0 0 0 0 0 0 0 0 0 0 0 0 0 0 0 0 0 0 0 0 593 0 0 0 0 0 589 0 587 0 0 0 0 0 0 
0 0 587 587 0 587 0 0 0 0 0 0 0 0 0 0 0 0 0 0 0 0 0 617 618 0 0 0 0 0 0 0 0 587 0 1363 0 1225 874 1226 0 1362 0 0 0 0 0 0 0 0 0 0 0 0 0 0 0 0 0 589 0 0 0 0 0 0 0 0 0 0 589 0 0 589 0 589 0 0 0 0 0 0 0 0 0 0 
0 0 587 0 0 0 587 0 0 587 0 0 587 0 0 0 0 0 0 0 0 0 0 0 0 0 0 0 0 0 0 0 587 0 0 1363 0 1339 393 1340 0 1362 0 0 0 0 0 0 0 0 0 0 0 0 0 589 0 589 0 0 0 0 0 0 0 0 0 0 0 589 0 589 0 0 589 0 0 0 0 587 0 0 0 0 0 0 
0 0 587 0 587 0 587 0 587 0 587 0 0 587 0 587 0 0 0 0 0 0 0 0 0 0 0 0 0 0 587 0 0 0 587 1363 0 0 507 213 0 1362 0 0 0 0 0 0 0 0 586 0 0 0 0 0 0 0 0 0 0 0 650 0 529 589 0 0 0 0 589 0 589 0 0 0 589 0 0 0 0 0 0 0 0 0 
0 0 0 0 0 0 0 0 0 0 0 587 0 0 0 0 0 0 587 0 587 0 587 0 587 0 587 0 0 0 0 0 0 587 0 1363 0 0 208 0 0 1362 0 0 0 0 0 0 0 0 0 0 0 0 0 0 0 0 529 0 0 0 589 0 589 0 589 0 0 0 0 0 0 0 589 0 0 0 0 0 587 0 0 0 0 0 
0 0 0 587 0 587 0 0 0 0 0 0 587 0 587 0 587 0 0 0 0 0 0 0 0 0 0 0 0 587 0 0 0 0 0 1359 1359 1359 1357 1359 1359 1359 1360 1365 1365 1365 1365 1365 1361 0 0 0 0 589 0 0 0 0 0 589 529 589 0 589 0 589 0 589 0 589 0 0 0 0 0 0 0 0 0 0 0 0 0 0 0 0 
0 0 0 0 0 0 587 0 0 0 0 0 0 587 0 587 0 587 0 587 0 587 0 587 0 587 0 587 0 0 0 0 0 0 0 0 0 0 0 0 0 1360 1365 1365 1365 1365 1365 1365 1361 0 0 589 0 0 0 0 0 0 589 0 589 0 589 0 589 0 589 0 589 0 589 0 0 0 0 0 0 0 0 587 587 0 0 0 0 0 
0 0 587 587 0 587 0 0 0 0 0 0 0 0 0 0 0 0 587 0 587 0 587 0 587 0 587 0 587 0 587 0 587 0 587 0 0 0 0 0 0 0 0 0 0 0 0 0 0 0 0 0 0 0 0 0 0 589 0 589 0 589 0 589 0 589 0 589 0 589 0 0 0 623 0 617 618 0 0 0 0 0 0 0 0 0 
0 0 0 0 587 0 0 820 821 821 821 821 821 821 821 821 821 821 821 821 821 821 821 821 821 821 821 821 821 821 821 821 821 821 821 821 821 821 821 821 821 821 821 821 821 821 821 821 821 821 821 821 821 821 821 821 821 821 821 821 821 821 821 821 821 821 821 821 821 821 821 821 821 821 821 821 821 821 822 587 0 0 0 0 0 0 
0 0 0 587 0 587 587 0 0 587 0 587 0 587 587 0 587 0 0 0 0 587 0 587 0 587 0 0 0 0 0 0 587 0 0 0 0 587 0 587 0 0 0 0 0 0 1139 0 0 0 0 0 0 587 0 0 0 0 0 587 0 0 587 0 0 587 0 587 0 587 0 0 587 0 0 0 0 0 0 0 587 0 0 0 0 0 
0 0 0 0 587 0 0 0 587 0 0 0 587 587 0 0 587 0 587 0 0 0 587 0 0 0 0 0 587 0 587 0 0 587 0 587 0 0 0 587 0 587 0 1423 0 0 0 0 0 0 587 0 0 587 0 0 0 587 0 0 587 0 587 0 0 587 0 0 587 0 587 0 0 587 0 587 0 587 0 587 0 0 0 0 0 0 
0 0 587 587 0 587 587 587 0 587 587 587 0 587 587 587 0 0 0 587 587 0 587 0 587 587 587 0 0 0 587 587 587 0 587 0 0 587 0 0 0 587 0 0 0 1423 0 0 587 0 0 0 587 587 0 587 0 0 0 587 0 587 0 0 587 0 587 587 0 587 587 587 0 587 587 0 0 587 587 0 0 0 0 0 0 0 
0 0 0 587 0 0 0 0 0 0 0 0 0 0 0 0 587 0 0 587 0 0 0 0 0 0 0 0 0 587 0 0 0 0 587 0 0 0 0 587 587 0 0 1139 0 0 0 0 0 0 587 0 0 0 587 0 0 587 0 0 0 0 0 587 0 587 587 0 587 0 0 587 0 587 0 587 0 0 0 0 0 0 0 0 0 0 
0 0 0 0 0 0 0 0 0 0 0 0 0 0 0 0 0 0 0 0 0 0 0 0 0 0 0 0 0 0 0 0 0 0 0 0 0 0 0 0 0 0 0 0 0 0 0 1195 0 0 0 0 0 0 0 0 0 0 0 0 0 0 0 0 0 0 0 0 0 0 0 0 0 0 0 0 0 0 0 0 0 0 0 0 0 0 
0 0 0 0 0 0 0 0 0 0 0 0 0 0 0 0 0 0 0 0 0 0 0 0 0 0 0 0 0 0 0 0 0 0 0 0 0 0 0 0 0 0 0 0 0 0 0 0 0 0 0 0 0 0 0 0 0 0 0 0 0 0 0 0 0 0 0 0 0 0 0 0 0 0 0 0 0 0 0 0 0 0 0 0 0 0 
0 0 0 0 0 0 0 0 0 0 0 0 0 1195 0 0 0 0 0 0 0 0 0 0 1195 0 0 0 0 0 0 0 0 0 0 0 0 0 1139 0 0 0 116 0 0 1423 0 115 0 0 0 0 0 0 0 1139 0 0 0 0 0 0 0 1139 0 0 0 0 0 0 0 0 0 0 0 0 0 0 1139 0 0 0 0 0 0 0 
0 0 0 0 0 0 0 0 0 0 0 1139 0 0 0 0 1080 0 0 0 0 0 0 0 0 0 0 0 0 1423 0 0 0 0 0 0 1423 0 0 0 0 0 0 0 0 0 0 0 0 0 0 1423 1080 0 0 0 0 0 1423 0 0 0 0 0 0 0 0 0 0 1423 0 0 0 0 0 0 1423 0 0 0 0 0 0 0 0 0
-
0 0 0 0 0 0 0 0 0 0 0 0 0 0 0 0 0 0 0 0 0 0 0 0 0 0 0 0 0 0 0 0 0 0 0 0 0 0 0 0 0 0 0 0 0 0 0 0 0 0 0 0 0 0 0 0 0 0 0 0 0 0 0 0 0 0 0 0 0 0 0 0 0 0 0 0 0 0 0 0 0 0 0 0 0 0 
0 0 0 0 0 0 0 0 0 0 0 0 0 0 0 0 0 0 0 0 0 0 0 0 0 0 0 0 0 0 0 0 0 0 0 0 0 0 0 0 0 0 0 0 0 0 0 0 0 0 0 0 0 0 0 0 0 0 0 0 0 0 0 0 0 0 0 0 0 0 0 0 0 0 0 0 0 0 0 0 0 0 0 0 0 0 
0 0 0 0 0 0 0 0 0 0 0 0 0 0 0 0 0 0 0 0 0 0 0 0 0 0 0 0 0 0 0 0 0 0 0 0 0 0 0 0 0 0 0 0 0 0 0 0 0 0 0 0 0 0 0 0 0 0 0 0 0 0 0 0 0 0 0 0 0 0 0 0 0 0 0 0 0 0 0 0 0 0 0 0 0 0 
0 0 0 0 0 0 0 0 0 0 0 0 0 0 0 0 0 0 0 0 0 0 0 0 0 0 0 0 0 0 0 0 0 0 0 0 0 0 0 0 0 0 0 0 0 0 0 0 0 0 0 0 0 0 0 0 0 0 0 0 0 0 0 0 0 0 0 0 0 0 0 0 0 0 0 0 0 0 0 0 0 0 0 0 0 0 
0 0 0 0 0 0 0 0 0 0 0 0 0 0 0 0 0 0 0 0 0 0 0 0 0 0 0 0 0 0 0 0 0 0 0 0 0 0 0 0 0 0 0 0 0 0 0 0 0 0 0 0 0 0 0 0 0 0 0 0 0 0 0 0 0 0 0 0 0 0 0 0 0 0 0 0 0 0 0 0 0 0 0 0 0 0 
0 0 0 0 0 0 0 0 0 0 0 0 0 0 0 0 0 0 0 0 0 0 0 0 0 0 0 0 0 0 0 0 0 0 0 0 0 0 0 0 0 0 0 0 0 0 0 0 0 0 0 0 0 0 0 0 0 0 0 0 0 0 0 0 0 0 0 0 0 0 0 0 0 0 0 0 0 0 0 0 0 0 0 0 0 0 
0 0 0 0 0 0 0 0 0 0 0 0 0 0 0 0 0 0 0 0 0 0 0 0 0 0 0 0 0 0 0 0 0 0 0 0 0 0 0 0 0 0 0 0 0 0 0 0 0 0 0 0 0 0 0 0 0 0 0 0 0 0 0 0 0 0 0 0 0 0 0 0 0 0 0 0 0 0 0 0 0 0 0 0 0 0 
0 0 0 0 0 0 0 0 0 0 0 0 0 0 0 0 0 0 0 0 0 0 0 0 0 0 0 0 0 0 0 0 0 0 0 0 0 0 0 0 0 0 0 0 0 0 0 0 0 0 0 0 0 0 0 0 0 0 0 0 0 0 0 0 0 0 0 0 0 0 0 0 0 0 0 0 0 0 0 0 0 0 0 0 0 0 
0 0 0 0 0 0 0 0 0 0 0 0 0 0 0 0 0 0 0 0 0 0 0 0 0 0 0 0 0 0 0 0 0 0 0 0 0 0 0 0 0 0 0 0 0 0 0 0 0 0 0 0 0 0 0 0 0 0 0 0 0 0 0 0 0 0 0 0 0 0 0 0 0 0 0 0 0 0 0 0 0 0 0 0 0 0 
0 0 0 0 0 0 0 0 0 0 0 0 0 0 0 0 0 0 0 0 0 0 0 0 0 0 0 0 0 0 0 0 0 0 0 0 0 0 0 0 0 0 0 0 0 0 0 0 0 0 0 0 0 0 0 0 0 0 0 0 0 0 0 0 0 0 0 0 0 0 0 0 0 0 0 0 0 0 0 0 0 0 0 0 0 0 
0 0 0 0 0 0 0 0 0 0 0 0 0 0 0 0 0 0 0 0 0 0 0 0 0 0 0 0 0 0 0 0 0 0 0 0 0 0 0 0 0 0 0 0 0 0 0 0 0 0 0 0 0 0 0 0 0 0 0 0 0 0 0 0 0 0 0 0 0 0 0 0 0 0 0 0 0 0 0 0 0 0 0 0 0 0 
0 0 0 0 0 0 0 0 0 0 0 0 0 0 0 0 0 0 0 0 0 0 0 0 0 0 0 0 0 0 0 0 0 0 0 0 0 0 0 0 0 0 0 0 0 0 0 0 0 0 0 0 0 0 0 0 0 0 0 0 0 0 0 0 0 0 0 0 0 0 0 0 0 0 0 0 0 0 0 0 0 0 0 0 0 0 
0 0 0 0 0 0 0 0 0 0 0 0 0 0 0 0 0 0 0 0 0 0 0 0 0 0 0 0 0 0 0 0 0 0 0 0 0 0 0 0 0 0 0 0 0 0 0 0 0 0 0 0 0 0 0 0 0 0 0 0 0 0 0 0 0 0 0 0 0 0 0 0 0 0 0 0 0 0 0 0 0 0 0 0 0 0 
0 0 0 0 0 0 0 0 0 0 0 0 0 0 0 0 0 0 0 0 0 0 0 0 0 0 0 0 0 0 0 0 0 0 0 0 0 0 0 0 0 0 0 0 0 0 0 0 0 0 0 0 0 0 0 0 0 0 0 0 0 0 0 0 0 0 0 0 0 0 0 0 0 0 0 0 0 0 0 0 0 0 0 0 0 0 
0 0 0 0 0 0 0 0 0 0 0 0 0 0 0 0 0 0 0 0 0 0 0 0 0 0 0 0 0 0 0 0 0 0 0 0 0 0 0 0 0 0 0 0 0 0 0 0 0 0 0 0 0 0 0 0 0 0 0 0 0 0 0 0 0 0 0 0 0 0 0 0 0 0 0 0 0 0 0 0 0 0 0 0 0 0 
0 0 0 0 0 0 0 0 0 0 0 0 0 0 0 0 0 0 0 0 0 0 0 0 0 0 0 0 0 0 0 0 0 0 0 0 0 0 0 0 0 0 0 0 0 0 0 0 0 0 0 0 0 0 0 0 0 0 0 0 0 0 0 0 0 0 0 0 0 0 0 0 0 0 0 0 0 0 0 0 0 0 0 0 0 0 
0 0 0 0 0 0 0 0 0 0 0 0 0 0 0 0 0 0 0 0 0 0 0 0 0 0 0 0 0 0 0 0 0 0 0 0 0 0 0 0 0 0 0 0 0 0 0 0 0 0 0 0 0 0 0 0 0 0 0 0 0 0 0 0 0 0 0 0 0 0 0 0 0 0 0 0 0 0 0 0 0 0 0 0 0 0 
0 0 0 0 0 0 0 0 0 0 0 0 0 0 0 0 0 0 0 0 0 0 0 0 0 0 0 0 0 0 0 0 0 0 0 0 0 0 0 0 0 0 0 0 0 0 0 0 0 0 0 0 0 0 0 0 0 0 0 0 0 0 0 0 0 0 0 0 0 0 0 0 0 0 0 0 0 0 0 0 0 0 0 0 0 0 
0 0 0 0 0 0 0 0 0 0 0 0 0 0 0 0 0 0 0 0 0 0 0 0 0 0 0 0 0 0 0 0 0 0 0 0 0 0 0 0 0 0 0 0 0 0 0 0 0 0 0 0 0 0 0 0 0 0 0 0 0 0 0 0 0 0 0 0 0 0 0 0 0 0 0 0 0 0 0 0 0 0 0 0 0 0 
0 0 0 0 0 0 0 0 0 0 0 0 0 0 0 0 0 0 0 0 0 0 0 0 0 0 0 0 0 0 0 0 0 0 0 0 0 0 0 0 0 0 0 0 0 0 0 0 0 0 0 0 0 0 0 0 0 0 0 0 0 0 0 0 0 0 0 0 0 0 0 0 0 0 0 0 0 0 0 0 0 0 0 0 0 0 
0 0 0 0 0 0 0 0 0 0 0 0 0 0 0 0 0 0 0 0 0 0 0 0 0 0 0 0 0 0 0 0 0 0 0 0 0 0 0 0 0 0 0 0 0 0 0 0 0 0 0 0 0 0 0 0 0 0 0 0 0 0 0 0 0 0 0 0 0 0 0 0 0 0 0 0 0 0 0 0 0 0 0 0 0 0 
0 0 0 0 0 0 0 0 0 0 0 0 0 0 0 0 0 0 0 0 0 0 0 0 0 0 0 0 0 0 0 0 0 0 0 0 0 0 0 0 0 0 0 0 0 0 0 0 0 0 0 0 0 0 0 0 0 0 0 0 0 0 0 0 0 0 0 0 0 0 0 0 0 0 0 0 0 0 0 0 0 0 0 0 0 0 
0 0 0 0 0 0 0 0 0 0 0 0 0 0 0 0 0 0 0 0 0 0 0 0 0 0 0 0 0 0 0 0 0 0 0 0 0 0 0 0 0 0 0 0 0 0 0 0 0 0 0 0 0 0 0 0 0 0 0 0 0 0 0 0 0 0 0 0 0 0 0 0 0 0 0 0 0 0 0 0 0 0 0 0 0 0 
0 0 0 0 0 0 0 0 0 0 0 0 0 0 0 0 0 0 0 0 0 0 0 0 0 0 0 0 0 0 0 0 0 0 0 0 0 0 0 0 0 0 0 0 0 0 0 0 0 0 0 0 0 0 0 0 0 0 0 0 0 0 0 0 0 0 0 0 0 0 0 0 0 0 0 0 0 0 0 0 0 0 0 0 0 0 
0 0 0 0 0 0 0 0 0 0 0 0 0 0 0 0 0 0 0 0 0 0 0 0 0 0 0 0 0 0 0 0 0 0 0 0 0 0 0 0 0 0 0 0 0 0 0 0 0 0 0 0 0 0 0 0 0 0 0 0 0 0 0 0 0 0 0 0 0 0 0 0 0 0 0 0 0 0 0 0 0 0 0 0 0 0 
0 0 0 0 0 0 0 0 0 0 0 0 0 0 0 0 0 0 0 0 0 0 0 0 0 0 0 0 0 0 0 0 0 0 0 0 0 0 0 0 0 0 0 0 0 0 0 0 0 0 0 0 0 0 0 0 0 0 0 0 0 0 0 0 0 0 0 0 0 0 0 0 0 0 0 0 0 0 0 0 0 0 0 0 0 0 
0 0 0 0 0 0 0 0 0 0 0 0 0 0 0 0 0 0 0 0 0 0 0 0 0 0 0 0 0 0 0 0 0 0 0 0 0 0 0 0 0 0 0 0 0 0 0 0 0 0 0 0 0 0 0 0 0 0 0 0 0 0 0 0 0 0 0 0 0 0 0 0 0 0 0 0 0 0 0 0 0 0 0 0 0 0 
0 0 0 0 0 0 0 0 0 0 0 0 0 0 0 0 0 0 0 0 0 0 0 0 0 0 0 0 0 0 0 0 0 0 0 0 0 0 0 0 0 0 0 0 0 0 0 0 0 0 0 0 0 0 0 0 0 0 0 0 0 0 0 0 0 0 0 0 0 0 0 0 0 0 0 0 0 0 0 0 0 0 0 0 0 0 
0 0 0 0 0 0 0 0 0 0 0 0 0 0 0 0 0 0 0 0 0 0 0 0 0 0 0 0 0 0 0 0 0 0 0 0 0 0 0 0 0 0 0 0 0 0 0 0 0 0 0 0 0 0 0 0 0 0 0 0 0 0 0 0 0 0 0 0 0 0 0 0 0 0 0 0 0 0 0 0 0 0 0 0 0 0 
0 0 0 0 0 0 0 0 0 0 0 0 0 0 0 0 0 0 0 0 0 0 0 0 0 0 0 0 0 0 0 0 0 0 0 0 0 0 0 0 0 0 0 0 0 0 0 0 0 0 0 0 0 0 0 0 0 0 0 0 0 0 0 0 0 0 0 0 0 0 0 0 0 0 0 0 0 0 0 0 0 0 0 0 0 0 
0 0 0 0 0 0 0 0 0 0 0 0 0 0 0 0 0 0 0 0 0 0 0 0 0 0 0 0 0 0 0 0 0 0 0 0 0 0 0 0 0 0 0 0 0 0 0 0 0 0 0 0 0 0 0 0 0 0 0 0 0 0 0 0 0 0 0 0 0 0 0 0 0 0 0 0 0 0 0 0 0 0 0 0 0 0 
0 0 0 0 0 0 0 0 0 0 0 0 0 0 0 0 0 0 0 0 0 0 0 0 0 0 0 0 0 0 0 0 0 0 0 0 0 0 0 0 0 0 0 0 0 0 0 0 0 0 0 0 0 0 0 0 0 0 0 0 0 0 0 0 0 0 0 0 0 0 0 0 0 0 0 0 0 0 0 0 0 0 0 0 0 0 
0 0 0 0 0 0 0 0 0 0 0 0 0 0 0 0 0 0 0 0 0 0 0 0 0 0 0 0 0 0 0 0 0 0 0 0 0 0 0 0 0 0 0 0 0 0 0 0 0 0 0 0 0 0 0 0 0 0 0 0 0 0 0 0 0 0 0 0 0 0 0 0 0 0 0 0 0 0 0 0 0 0 0 0 0 0 
0 0 0 0 0 0 0 0 0 0 0 0 0 0 0 0 0 0 0 0 0 0 0 0 0 0 0 0 0 0 0 0 0 0 0 0 0 0 0 0 0 0 0 0 0 0 0 0 0 0 0 0 0 0 0 0 0 0 0 0 0 0 0 0 0 0 0 0 0 0 0 0 0 0 0 0 0 0 0 0 0 0 0 0 0 0 
0 0 0 0 0 0 0 0 0 0 0 0 0 0 0 0 0 0 0 0 0 0 0 0 0 0 0 0 0 0 0 0 0 0 0 0 0 0 0 0 0 0 0 0 0 0 0 0 0 0 0 0 0 0 0 0 0 0 0 0 0 0 0 0 0 0 0 0 0 0 0 0 0 0 0 0 0 0 0 0 0 0 0 0 0 0 
0 0 0 0 0 0 0 0 0 0 0 0 0 0 0 0 0 0 0 0 0 0 0 0 0 0 0 0 0 0 0 0 0 0 0 0 0 0 0 0 0 0 0 0 0 0 0 0 0 0 0 0 0 0 0 0 0 0 0 0 0 0 0 0 0 0 0 0 0 0 0 0 0 0 0 0 0 0 0 0 0 0 0 0 0 0 
0 0 0 0 0 0 0 0 0 0 0 0 0 0 0 0 0 0 0 0 0 0 0 0 0 0 0 0 0 0 0 0 0 0 0 0 0 0 0 0 0 0 0 0 0 0 0 0 0 0 0 0 0 0 0 0 0 0 0 0 0 0 0 0 0 0 0 0 0 0 0 0 0 0 0 0 0 0 0 0 0 0 0 0 0 0 
0 0 0 0 0 0 0 0 0 0 0 0 0 0 0 0 0 0 0 0 0 0 0 0 0 0 0 0 0 0 0 0 0 0 0 0 0 0 0 0 0 0 0 0 0 0 0 0 0 0 0 0 0 0 0 0 0 0 0 0 0 0 0 0 0 0 0 0 0 0 0 0 0 0 0 0 0 0 0 0 0 0 0 0 0 0 
0 0 0 0 0 0 0 0 0 0 0 0 0 0 0 0 0 0 0 0 0 0 0 0 0 0 0 0 0 0 0 0 0 0 0 0 0 0 0 0 0 0 0 0 0 0 0 0 0 0 0 0 0 0 0 0 0 0 0 0 0 0 0 0 0 0 0 0 0 0 0 0 0 0 0 0 0 0 0 0 0 0 0 0 0 0 
0 0 0 0 0 0 0 0 0 0 0 0 0 0 0 0 0 0 0 0 0 0 0 0 0 0 0 0 0 0 0 0 0 0 0 0 0 0 0 0 0 0 0 0 0 0 0 0 0 0 0 0 0 0 0 0 0 0 0 0 0 0 0 0 0 0 0 0 0 0 0 0 0 0 0 0 0 0 0 0 0 0 0 0 0 0 
0 0 0 0 0 0 0 0 0 0 0 0 0 0 0 0 0 0 0 0 0 0 0 0 0 0 0 0 0 0 0 0 0 0 0 0 0 0 0 0 0 0 0 0 0 0 0 0 0 0 0 0 0 0 0 0 0 0 0 0 0 0 0 0 0 0 0 0 0 0 0 0 0 0 0 0 0 0 0 0 0 0 0 0 0 0 
0 0 0 0 0 0 0 0 0 0 0 0 0 0 0 0 0 0 0 0 0 0 0 0 0 0 0 0 0 0 0 0 0 0 0 0 0 0 0 0 0 0 0 0 0 0 0 0 0 0 0 0 0 0 0 0 0 0 0 0 0 0 0 0 0 0 0 0 0 0 0 0 0 0 0 0 0 0 0 0 0 0 0 0 0 0 
0 0 0 0 0 0 0 0 0 0 0 0 0 0 0 0 0 0 0 0 0 0 0 0 0 0 0 0 0 0 0 0 0 0 0 0 0 0 0 0 0 0 0 0 0 0 0 0 0 0 0 0 0 0 0 0 0 0 0 0 0 0 0 0 0 0 0 0 0 0 0 0 0 0 0 0 0 0 0 0 0 0 0 0 0 0 
0 0 0 0 0 0 0 0 0 0 0 0 0 0 0 0 0 0 0 0 0 0 0 0 0 0 0 0 0 0 0 0 0 0 0 0 0 0 0 0 0 0 0 0 0 0 0 0 0 0 0 0 0 0 0 0 0 0 0 0 0 0 0 0 0 0 0 0 0 0 0 0 0 0 0 0 0 0 0 0 0 0 0 0 0 0 
0 0 0 0 0 0 0 0 0 0 0 0 0 0 0 0 0 0 0 0 0 0 0 0 0 0 0 0 0 0 0 0 0 0 0 0 0 0 0 0 0 0 0 0 0 0 0 0 0 0 0 0 0 0 0 0 0 0 0 0 0 0 1389 0 0 0 0 0 0 0 0 0 0 0 0 0 0 0 0 0 0 0 0 0 0 0 
0 0 0 0 0 0 0 0 0 0 0 0 0 0 0 0 0 0 0 0 0 0 0 0 0 0 0 0 0 0 0 0 0 0 0 0 0 0 0 0 0 0 0 0 0 0 0 0 0 0 0 0 0 0 0 0 0 0 0 0 0 1218 1391 1219 0 0 0 0 0 0 0 0 0 0 0 0 0 0 0 0 0 0 0 0 0 0 
0 0 0 0 0 0 0 0 0 0 0 0 0 0 0 0 0 0 0 0 0 0 0 0 0 0 0 0 0 0 0 0 0 0 0 0 0 0 0 0 0 0 0 0 0 0 0 0 0 0 0 0 0 0 0 0 0 0 0 0 0 0 0 0 0 0 0 0 0 0 0 0 0 0 0 0 0 0 0 0 0 0 0 0 0 0 
0 0 0 0 0 0 0 0 0 0 0 0 0 0 0 0 0 0 0 0 0 0 0 0 0 0 0 0 0 0 0 0 0 0 0 0 0 0 0 0 0 0 0 0 0 0 0 0 0 0 0 0 0 0 0 0 0 0 0 0 0 0 0 0 0 0 0 0 0 0 0 0 0 0 0 0 0 0 0 0 0 0 0 0 0 0 
0 0 0 0 0 0 0 0 0 0 0 0 0 0 0 0 0 0 0 0 0 0 0 0 0 0 0 0 0 0 0 0 0 0 0 0 0 0 0 0 0 0 0 0 0 0 0 0 0 0 0 0 0 0 0 0 0 0 0 0 0 0 0 0 0 0 0 0 0 0 0 0 0 0 0 0 0 0 0 0 0 0 0 0 0 0 
0 0 0 0 0 0 0 0 0 0 0 0 0 0 0 0 0 0 0 0 0 0 0 0 0 0 0 0 0 0 0 0 0 0 0 0 0 0 0 0 0 0 0 0 0 0 0 0 0 0 0 0 0 0 0 0 0 0 0 0 0 0 0 0 0 0 0 0 0 0 0 0 0 0 0 0 0 0 0 0 0 0 0 0 0 0 
0 0 0 0 0 0 0 0 0 0 0 0 0 0 0 0 0 0 0 0 0 0 0 0 0 0 0 0 0 0 0 0 0 0 0 0 0 0 1396 0 0 0 0 0 0 0 0 0 0 0 0 0 0 0 0 0 0 0 0 0 0 0 0 0 0 0 0 0 0 0 0 0 0 0 0 0 0 0 0 0 0 0 0 0 0 0 
0 0 0 0 0 0 0 0 0 0 0 0 0 0 0 0 0 0 0 0 0 0 0 0 0 0 0 0 0 0 0 0 0 0 0 0 0 0 1398 0 0 0 0 0 0 0 0 0 0 0 0 0 0 0 0 0 0 0 0 0 0 0 0 0 0 0 0 0 0 0 0 0 0 0 0 0 0 0 0 0 0 0 0 0 0 0 
0 0 0 0 0 0 0 0 0 0 0 0 0 0 0 0 0 0 0 0 0 0 0 0 0 0 0 0 0 0 0 0 0 0 0 0 0 0 0 0 0 0 0 0 0 0 0 0 0 0 0 0 0 0 0 0 0 0 0 0 0 0 0 0 0 0 0 0 0 0 0 0 0 0 0 0 0 0 0 0 0 0 0 0 0 0 
0 0 0 0 0 0 0 0 0 0 0 0 0 0 0 0 0 0 0 0 0 0 0 0 0 0 0 0 0 0 0 0 0 0 0 0 0 0 0 0 0 0 0 0 0 0 0 0 0 0 0 0 0 0 0 0 0 0 0 0 0 0 0 0 0 0 0 0 0 0 0 0 0 0 0 0 0 0 0 0 0 0 0 0 0 0 
0 0 0 0 0 0 0 0 0 0 0 0 0 0 0 0 0 0 0 0 0 0 0 0 0 0 0 0 0 0 0 0 0 0 0 0 0 0 0 0 0 0 0 0 0 0 0 0 0 0 0 0 0 0 0 0 0 0 0 0 0 0 0 0 0 0 0 0 0 0 0 0 0 0 0 0 0 0 0 0 0 0 0 0 0 0 
0 0 0 0 0 0 0 0 0 0 0 0 0 0 0 0 0 0 0 0 0 0 0 0 0 0 0 0 0 0 0 0 0 0 0 0 0 0 0 0 0 0 0 0 0 0 0 0 0 0 0 0 0 0 0 0 0 0 0 0 0 0 0 0 0 0 0 0 0 0 0 0 0 0 0 0 0 0 0 0 0 0 0 0 0 0 
0 0 0 0 0 0 0 0 0 0 0 0 0 0 0 0 0 0 0 0 0 0 0 0 0 0 0 0 0 0 0 0 0 0 0 0 0 0 0 0 0 0 0 0 0 0 0 0 0 0 0 0 0 0 0 0 0 0 0 0 0 0 0 0 0 0 0 0 0 0 0 0 0 0 0 0 0 0 0 0 0 0 0 0 0 0 
0 0 0 0 0 0 0 0 0 0 0 0 0 0 0 0 0 0 0 0 0 0 0 0 0 0 0 0 0 0 0 0 0 0 0 0 0 0 0 0 0 0 0 0 0 0 0 0 0 0 0 0 0 0 0 0 0 0 0 0 0 0 0 0 0 0 0 0 0 0 0 0 0 0 0 0 0 0 0 0 0 0 0 0 0 0 
0 0 0 0 0 0 0 0 0 0 0 0 0 0 0 0 0 0 0 0 0 0 0 0 0 0 0 0 0 0 0 0 0 0 0 0 0 0 0 0 0 0 0 0 0 0 0 0 0 0 0 0 0 0 0 0 0 0 0 0 0 0 0 0 0 0 0 0 0 0 0 0 0 0 0 0 0 0 0 0 0 0 0 0 0 0 
0 0 0 0 0 0 0 0 0 0 0 0 0 0 0 0 0 0 0 0 0 0 0 0 0 0 0 0 0 0 0 0 0 0 0 0 0 0 0 0 0 0 0 0 0 0 0 0 0 0 0 0 0 0 0 0 0 0 0 0 0 0 0 0 0 0 0 0 0 0 0 0 0 0 0 0 0 0 0 0 0 0 0 0 0 0 
0 0 0 0 0 0 0 0 0 0 0 0 0 0 0 0 0 0 0 0 0 0 0 0 0 0 0 0 0 0 0 0 0 0 0 0 0 0 0 0 0 0 0 0 0 0 0 0 0 0 0 0 0 0 0 0 0 0 0 0 0 0 0 0 0 0 0 0 0 0 0 0 0 0 0 0 0 0 0 0 0 0 0 0 0 0 
0 0 0 0 0 0 0 0 0 0 0 0 0 0 0 0 0 0 0 0 0 0 0 0 0 0 0 0 0 0 0 0 0 0 0 0 0 0 0 0 0 0 0 0 0 0 0 0 0 0 0 0 0 0 0 0 0 0 0 0 0 0 0 0 0 0 0 0 0 0 0 0 0 0 0 0 0 0 0 0 0 0 0 0 0 0 
0 0 0 0 0 0 0 0 0 0 0 0 0 0 0 0 0 0 0 0 0 0 0 0 0 0 0 0 0 0 0 0 0 0 0 0 0 0 0 0 0 0 0 0 0 0 0 0 0 0 0 0 0 0 0 0 0 0 0 0 0 0 0 0 0 0 0 0 0 0 0 0 0 0 0 0 0 0 0 0 0 0 0 0 0 0 
0 0 0 0 0 0 0 0 0 0 0 0 0 0 0 0 0 0 0 0 0 0 0 0 0 0 0 0 0 0 0 0 0 0 0 0 0 0 0 0 0 0 0 0 0 0 0 0 0 0 0 0 0 0 0 0 0 0 0 0 0 0 0 0 0 0 0 0 0 0 0 0 0 0 0 0 0 0 0 0 0 0 0 0 0 0 
0 0 0 0 0 0 0 0 0 0 0 0 0 0 0 0 0 0 0 0 0 0 0 0 0 0 0 0 0 0 0 0 0 0 0 0 0 0 0 0 0 0 0 0 0 0 0 0 0 0 0 0 0 0 0 0 0 0 0 0 0 0 0 0 0 0 0 0 0 0 0 0 0 0 0 0 0 0 0 0 0 0 0 0 0 0 
0 0 0 0 0 0 0 0 0 0 0 0 0 0 0 0 0 0 0 0 0 0 0 0 0 0 0 0 0 0 0 0 0 0 0 0 0 0 0 0 0 0 0 0 0 0 0 0 0 0 0 0 0 0 0 0 0 0 0 0 0 0 0 0 0 0 0 0 0 0 0 0 0 0 0 0 0 0 0 0 0 0 0 0 0 0 
0 0 0 0 0 0 0 0 0 0 0 0 0 0 0 0 0 0 0 0 0 0 0 0 0 0 0 0 0 0 0 0 0 0 0 0 0 0 0 0 0 0 0 0 0 0 0 0 0 0 0 0 0 0 0 0 0 0 0 0 0 0 0 0 0 0 0 0 0 0 0 0 0 0 0 0 0 0 0 0 0 0 0 0 0 0